/*--------------------------------*- C++ -*----------------------------------*\
  =========                 |
  \\      /  F ield         | OpenFOAM: The Open Source CFD Toolbox
   \\    /   O peration     | Website:  https://openfoam.org
    \\  /    A nd           | Version:  9
     \\/     M anipulation  |
\*---------------------------------------------------------------------------*/
FoamFile
{
    format      ascii;
    class       labelList;
    note        "nPoints: 2670 nCells: 1260 nFaces: 5114 nInternalFaces: 2446";
    location    "constant/polyMesh";
    object      neighbour;
}
// * * * * * * * * * * * * * * * * * * * * * * * * * * * * * * * * * * * * * //


2446
(
1
26
2
27
3
28
4
29
5
30
6
31
7
32
8
33
9
34
10
35
11
36
12
37
13
38
14
39
15
40
16
41
17
42
18
43
19
44
20
45
21
46
22
47
23
48
24
49
25
50
51
27
52
28
53
29
54
30
55
31
56
32
57
33
58
34
59
35
60
36
61
37
62
38
63
39
64
40
65
41
66
42
67
43
68
44
69
45
70
46
71
47
72
48
73
49
74
50
75
51
76
77
53
78
54
79
55
80
56
81
57
82
58
83
59
84
60
85
61
86
62
87
63
88
64
89
65
90
66
91
67
92
68
93
69
94
70
95
71
96
72
97
73
98
74
99
75
100
76
101
77
102
103
79
104
80
105
81
106
82
107
83
108
84
109
85
110
86
111
87
112
88
113
89
114
90
115
91
116
92
117
93
118
94
119
95
120
96
121
97
122
98
123
99
124
100
125
101
126
102
127
103
128
129
105
130
106
131
107
132
108
133
109
134
110
135
111
136
112
137
113
138
114
139
115
140
116
141
117
142
118
143
119
144
120
145
121
146
122
147
123
148
124
149
125
150
126
151
127
152
128
153
129
154
155
131
156
132
157
133
158
134
159
135
160
136
161
137
162
138
163
139
164
140
165
141
166
142
167
143
168
144
169
145
170
146
171
147
172
148
173
149
174
150
175
151
176
152
177
153
178
154
179
155
180
181
157
182
158
183
159
184
160
185
161
186
162
187
163
188
164
189
165
190
166
191
167
192
168
193
169
194
170
195
171
196
172
197
173
198
174
199
175
200
176
201
177
202
178
203
179
204
180
205
181
206
207
183
208
184
209
185
210
186
211
187
212
188
213
189
214
190
215
191
216
192
217
193
218
194
219
195
220
196
221
197
222
198
223
199
224
200
225
201
226
202
227
203
228
204
229
205
230
206
231
207
232
233
209
234
210
235
211
236
212
237
213
238
214
239
215
240
216
241
217
242
218
243
219
244
220
245
221
246
222
247
223
248
224
249
225
250
226
251
227
252
228
253
229
254
230
255
231
256
232
257
233
258
259
235
260
236
261
237
262
238
263
239
264
240
265
241
266
242
267
243
268
244
269
245
270
246
271
247
272
248
273
249
274
250
275
251
276
252
277
253
278
254
279
255
280
256
281
257
282
258
283
259
284
285
261
286
262
287
263
288
264
289
265
290
266
291
267
292
268
293
269
294
270
295
271
296
272
297
273
298
274
299
275
300
276
301
277
302
278
303
279
304
280
305
281
306
282
307
283
308
284
309
285
310
311
287
312
288
313
289
314
290
315
291
316
292
317
293
318
294
319
295
320
296
321
297
322
298
323
299
324
300
325
301
326
302
327
303
328
304
329
305
330
306
331
307
332
308
333
309
334
310
335
311
336
337
313
338
314
339
315
340
316
341
317
342
318
343
319
344
320
345
321
346
322
347
323
348
324
349
325
350
326
351
327
352
328
353
329
354
330
355
331
356
332
357
333
358
334
359
335
360
336
361
337
362
363
339
364
340
365
341
366
342
367
343
368
344
369
345
370
346
371
347
372
348
373
349
374
350
375
351
376
352
377
353
378
354
379
355
380
356
381
357
382
358
383
359
384
360
385
361
386
362
387
363
388
389
365
390
366
391
367
392
368
393
369
394
370
395
371
396
372
397
373
398
374
399
375
400
376
401
377
402
378
403
379
404
380
405
381
406
382
407
383
408
384
409
385
410
386
411
387
412
388
413
389
414
415
391
419
392
420
393
421
394
422
395
423
396
424
397
425
398
426
399
427
400
428
401
429
402
430
403
431
404
432
405
433
406
434
407
435
408
436
409
437
410
438
411
439
412
440
413
441
414
442
415
443
416
444
417
445
418
446
447
420
448
421
449
422
450
423
451
424
452
425
453
426
454
427
455
428
456
429
457
430
458
431
459
432
460
433
461
434
462
435
463
436
464
437
465
438
466
439
467
440
468
441
469
442
470
443
471
444
472
445
473
446
474
447
475
476
449
477
450
478
451
479
452
480
453
481
454
482
455
483
456
484
457
485
458
486
459
487
460
488
461
489
462
490
463
491
464
492
465
493
466
494
467
495
468
496
469
497
470
498
471
499
472
500
473
501
474
502
475
503
476
504
505
478
506
479
507
480
508
481
509
482
510
483
511
484
512
485
513
486
514
487
515
488
516
489
517
490
518
491
519
492
520
493
521
494
522
495
523
496
524
497
525
498
526
499
527
500
528
501
529
502
530
503
531
504
532
505
533
534
507
535
508
536
509
537
510
538
511
539
512
540
513
541
514
542
515
543
516
544
517
545
518
546
519
547
520
548
521
549
522
550
523
551
524
552
525
553
526
554
527
555
528
556
529
557
530
558
531
559
532
560
533
561
534
562
563
536
564
537
565
538
566
539
567
540
568
541
569
542
570
543
571
544
572
545
573
546
574
547
575
548
576
549
577
550
578
551
579
552
580
553
581
554
582
555
583
556
584
557
585
558
586
559
587
560
588
561
589
562
590
563
591
592
565
593
566
594
567
595
568
596
569
597
570
598
571
599
572
600
573
601
574
602
575
603
576
604
577
605
578
606
579
607
580
608
581
609
582
610
583
611
584
612
585
613
586
614
587
615
588
616
589
617
590
618
591
619
592
620
621
594
622
595
623
596
624
597
625
598
626
599
627
600
628
601
629
602
630
603
631
604
632
605
633
606
634
607
635
608
636
609
637
610
638
611
639
612
640
613
641
614
642
615
643
616
644
617
645
618
646
619
647
620
648
621
649
650
623
651
624
652
625
653
626
654
627
655
628
656
629
657
630
658
631
659
632
660
633
661
634
662
635
663
636
664
637
665
638
666
639
667
640
668
641
669
642
670
643
671
644
672
645
673
646
674
647
675
648
676
649
677
650
678
679
652
680
653
681
654
682
655
683
656
684
657
685
658
686
659
687
660
688
661
689
662
690
663
691
664
692
665
693
666
694
667
695
668
696
669
697
670
698
671
699
672
700
673
701
674
702
675
703
676
704
677
705
678
706
679
707
708
681
709
682
710
683
711
684
712
685
713
686
714
687
715
688
716
689
717
690
718
691
719
692
720
693
721
694
722
695
723
696
724
697
725
698
726
699
727
700
728
701
729
702
730
703
731
704
732
705
733
706
734
707
735
708
736
737
710
738
711
739
712
740
713
741
714
742
715
743
716
744
717
745
718
746
719
747
720
748
721
749
722
750
723
751
724
752
725
753
726
754
727
755
728
756
729
757
730
758
731
759
732
760
733
761
734
762
735
763
736
764
737
765
766
739
767
740
768
741
769
742
770
743
771
744
772
745
773
746
774
747
775
748
776
749
777
750
778
751
779
752
780
753
781
754
782
755
783
756
784
757
785
758
786
759
787
760
788
761
789
762
790
763
791
764
792
765
793
766
794
795
768
796
769
797
770
798
771
799
772
800
773
801
774
802
775
803
776
804
777
805
778
806
779
807
780
808
781
809
782
810
783
811
784
812
785
813
786
814
787
815
788
816
789
817
790
818
791
819
792
820
793
821
794
822
795
823
824
797
825
798
826
799
827
800
828
801
829
802
830
803
831
804
832
805
833
806
834
807
835
808
836
809
837
810
838
811
839
812
840
813
841
814
842
815
843
816
844
817
845
818
846
819
847
820
848
821
849
822
850
823
851
824
852
853
826
854
827
855
828
856
829
857
830
858
831
859
832
860
833
861
834
862
835
863
836
864
837
865
838
866
839
867
840
868
841
869
842
870
843
871
844
872
845
873
846
874
847
875
848
876
849
877
850
878
851
879
852
880
853
881
882
855
883
856
884
857
885
858
886
859
887
860
888
861
889
862
890
863
891
864
892
865
893
866
894
867
895
868
896
869
897
870
898
871
899
872
900
873
901
874
902
875
903
876
904
877
905
878
906
879
907
880
908
881
909
882
910
911
884
912
885
913
886
914
887
915
888
916
889
917
890
918
891
919
892
920
893
921
894
922
895
923
896
924
897
925
898
926
899
927
900
928
901
929
902
930
903
931
904
932
905
933
906
934
907
935
908
936
909
937
910
938
911
939
940
913
941
914
942
915
943
916
944
917
945
918
946
919
947
920
948
921
949
922
950
923
951
924
952
925
953
926
954
927
955
928
956
929
957
930
958
931
959
932
960
933
961
934
962
935
963
936
964
937
965
938
966
939
967
940
968
969
942
970
943
971
944
972
945
973
946
974
947
975
948
976
949
977
950
978
951
979
952
980
953
981
954
982
955
983
956
984
957
985
958
986
959
987
960
988
961
989
962
990
963
991
964
992
965
993
966
994
967
995
968
996
969
997
998
971
999
972
1000
973
1001
974
1002
975
1003
976
1004
977
1005
978
1006
979
1007
980
1008
981
1009
982
1010
983
1011
984
1012
985
1013
986
1014
987
1015
988
1016
989
1017
990
1018
991
1019
992
1020
993
1021
994
1022
995
1023
996
1024
997
1025
998
1026
1027
1000
1028
1001
1029
1002
1030
1003
1031
1004
1032
1005
1033
1006
1034
1007
1035
1008
1036
1009
1037
1010
1038
1011
1039
1012
1040
1013
1041
1014
1042
1015
1043
1016
1044
1017
1045
1018
1046
1019
1047
1020
1048
1021
1049
1022
1050
1023
1051
1024
1052
1025
1053
1026
1054
1027
1055
1056
1029
1057
1030
1058
1031
1059
1032
1060
1033
1061
1034
1062
1035
1063
1036
1064
1037
1065
1038
1066
1039
1067
1040
1068
1041
1069
1042
1070
1043
1071
1044
1072
1045
1073
1046
1074
1047
1075
1048
1076
1049
1077
1050
1078
1051
1079
1052
1080
1053
1081
1054
1082
1055
1083
1056
1084
1085
1058
1086
1059
1087
1060
1088
1061
1089
1062
1090
1063
1091
1064
1092
1065
1093
1066
1094
1067
1095
1068
1096
1069
1097
1070
1098
1071
1099
1072
1100
1073
1101
1074
1102
1075
1103
1076
1104
1077
1105
1078
1106
1079
1107
1080
1108
1081
1109
1082
1110
1083
1111
1084
1112
1085
1113
1114
1087
1115
1088
1116
1089
1117
1090
1118
1091
1119
1092
1120
1093
1121
1094
1122
1095
1123
1096
1124
1097
1125
1098
1126
1099
1127
1100
1128
1101
1129
1102
1130
1103
1131
1104
1132
1105
1133
1106
1134
1107
1135
1108
1136
1109
1137
1110
1138
1111
1139
1112
1140
1113
1141
1114
1142
1143
1116
1144
1117
1145
1118
1146
1119
1147
1120
1148
1121
1149
1122
1150
1123
1151
1124
1152
1125
1153
1126
1154
1127
1155
1128
1156
1129
1157
1130
1158
1131
1159
1132
1160
1133
1161
1134
1162
1135
1163
1136
1164
1137
1165
1138
1166
1139
1167
1140
1168
1141
1169
1142
1170
1143
1171
1172
1145
1173
1146
1174
1147
1175
1148
1176
1149
1177
1150
1178
1151
1179
1152
1180
1153
1181
1154
1182
1155
1183
1156
1184
1157
1185
1158
1186
1159
1187
1160
1188
1161
1189
1162
1190
1163
1191
1164
1192
1165
1193
1166
1194
1167
1195
1168
1196
1169
1197
1170
1198
1171
1199
1172
1200
1201
1174
1202
1175
1203
1176
1204
1177
1205
1178
1206
1179
1207
1180
1208
1181
1209
1182
1210
1183
1211
1184
1212
1185
1213
1186
1214
1187
1215
1188
1216
1189
1217
1190
1218
1191
1219
1192
1220
1193
1221
1194
1222
1195
1223
1196
1224
1197
1225
1198
1226
1199
1227
1200
1228
1201
1229
1230
1203
1231
1204
1232
1205
1233
1206
1234
1207
1235
1208
1236
1209
1237
1210
1238
1211
1239
1212
1240
1213
1241
1214
1242
1215
1243
1216
1244
1217
1245
1218
1246
1219
1247
1220
1248
1221
1249
1222
1250
1223
1251
1224
1252
1225
1253
1226
1254
1227
1255
1228
1256
1229
1257
1230
1258
1259
1232
1233
1234
1235
1236
1237
1238
1239
1240
1241
1242
1243
1244
1245
1246
1247
1248
1249
1250
1251
1252
1253
1254
1255
1256
1257
1258
1259
)


// ************************************************************************* //
