/*--------------------------------*- C++ -*----------------------------------*\
  =========                 |
  \\      /  F ield         | OpenFOAM: The Open Source CFD Toolbox
   \\    /   O peration     | Website:  https://openfoam.org
    \\  /    A nd           | Version:  9
     \\/     M anipulation  |
\*---------------------------------------------------------------------------*/
FoamFile
{
    format      ascii;
    class       vectorField;
    location    "constant/polyMesh";
    object      points;
}
// * * * * * * * * * * * * * * * * * * * * * * * * * * * * * * * * * * * * * //


2670
(
(0.044 0.055 0)
(0.045 0.055 0)
(0.046 0.055 0)
(0.047 0.055 0)
(0.048 0.055 0)
(0.049 0.055 0)
(0.05 0.055 0)
(0.051 0.055 0)
(0.052 0.055 0)
(0.053 0.055 0)
(0.054 0.055 0)
(0.055 0.055 0)
(0.056 0.055 0)
(0.057 0.055 0)
(0.058 0.055 0)
(0.059 0.055 0)
(0.06 0.055 0)
(0.061 0.055 0)
(0.062 0.055 0)
(0.063 0.055 0)
(0.064 0.055 0)
(0.065 0.055 0)
(0.066 0.055 0)
(0.067 0.055 0)
(0.068 0.055 0)
(0.069 0.055 0)
(0.07 0.055 0)
(0.044 0.056 0)
(0.045 0.056 0)
(0.046 0.056 0)
(0.047 0.056 0)
(0.048 0.056 0)
(0.049 0.056 0)
(0.05 0.056 0)
(0.051 0.056 0)
(0.052 0.056 0)
(0.053 0.056 0)
(0.054 0.056 0)
(0.055 0.056 0)
(0.056 0.056 0)
(0.057 0.056 0)
(0.058 0.056 0)
(0.059 0.056 0)
(0.06 0.056 0)
(0.061 0.056 0)
(0.062 0.056 0)
(0.063 0.056 0)
(0.064 0.056 0)
(0.065 0.056 0)
(0.066 0.056 0)
(0.067 0.056 0)
(0.068 0.056 0)
(0.069 0.056 0)
(0.07 0.056 0)
(0.044 0.057 0)
(0.045 0.057 0)
(0.046 0.057 0)
(0.047 0.057 0)
(0.048 0.057 0)
(0.049 0.057 0)
(0.05 0.057 0)
(0.051 0.057 0)
(0.052 0.057 0)
(0.053 0.057 0)
(0.054 0.057 0)
(0.055 0.057 0)
(0.056 0.057 0)
(0.057 0.057 0)
(0.058 0.057 0)
(0.059 0.057 0)
(0.06 0.057 0)
(0.061 0.057 0)
(0.062 0.057 0)
(0.063 0.057 0)
(0.064 0.057 0)
(0.065 0.057 0)
(0.066 0.057 0)
(0.067 0.057 0)
(0.068 0.057 0)
(0.069 0.057 0)
(0.07 0.057 0)
(0.044 0.058 0)
(0.045 0.058 0)
(0.046 0.058 0)
(0.047 0.058 0)
(0.048 0.058 0)
(0.049 0.058 0)
(0.05 0.058 0)
(0.051 0.058 0)
(0.052 0.058 0)
(0.053 0.058 0)
(0.054 0.058 0)
(0.055 0.058 0)
(0.056 0.058 0)
(0.057 0.058 0)
(0.058 0.058 0)
(0.059 0.058 0)
(0.06 0.058 0)
(0.061 0.058 0)
(0.062 0.058 0)
(0.063 0.058 0)
(0.064 0.058 0)
(0.065 0.058 0)
(0.066 0.058 0)
(0.067 0.058 0)
(0.068 0.058 0)
(0.069 0.058 0)
(0.07 0.058 0)
(0.044 0.059 0)
(0.045 0.059 0)
(0.046 0.059 0)
(0.047 0.059 0)
(0.048 0.059 0)
(0.049 0.059 0)
(0.05 0.059 0)
(0.051 0.059 0)
(0.052 0.059 0)
(0.053 0.059 0)
(0.054 0.059 0)
(0.055 0.059 0)
(0.056 0.059 0)
(0.057 0.059 0)
(0.058 0.059 0)
(0.059 0.059 0)
(0.06 0.059 0)
(0.061 0.059 0)
(0.062 0.059 0)
(0.063 0.059 0)
(0.064 0.059 0)
(0.065 0.059 0)
(0.066 0.059 0)
(0.067 0.059 0)
(0.068 0.059 0)
(0.069 0.059 0)
(0.07 0.059 0)
(0.044 0.06 0)
(0.045 0.06 0)
(0.046 0.06 0)
(0.047 0.06 0)
(0.048 0.06 0)
(0.049 0.06 0)
(0.05 0.06 0)
(0.051 0.06 0)
(0.052 0.06 0)
(0.053 0.06 0)
(0.054 0.06 0)
(0.055 0.06 0)
(0.056 0.06 0)
(0.057 0.06 0)
(0.058 0.06 0)
(0.059 0.06 0)
(0.06 0.06 0)
(0.061 0.06 0)
(0.062 0.06 0)
(0.063 0.06 0)
(0.064 0.06 0)
(0.065 0.06 0)
(0.066 0.06 0)
(0.067 0.06 0)
(0.068 0.06 0)
(0.069 0.06 0)
(0.07 0.06 0)
(0.044 0.061 0)
(0.045 0.061 0)
(0.046 0.061 0)
(0.047 0.061 0)
(0.048 0.061 0)
(0.049 0.061 0)
(0.05 0.061 0)
(0.051 0.061 0)
(0.052 0.061 0)
(0.053 0.061 0)
(0.054 0.061 0)
(0.055 0.061 0)
(0.056 0.061 0)
(0.057 0.061 0)
(0.058 0.061 0)
(0.059 0.061 0)
(0.06 0.061 0)
(0.061 0.061 0)
(0.062 0.061 0)
(0.063 0.061 0)
(0.064 0.061 0)
(0.065 0.061 0)
(0.066 0.061 0)
(0.067 0.061 0)
(0.068 0.061 0)
(0.069 0.061 0)
(0.07 0.061 0)
(0.044 0.062 0)
(0.045 0.062 0)
(0.046 0.062 0)
(0.047 0.062 0)
(0.048 0.062 0)
(0.049 0.062 0)
(0.05 0.062 0)
(0.051 0.062 0)
(0.052 0.062 0)
(0.053 0.062 0)
(0.054 0.062 0)
(0.055 0.062 0)
(0.056 0.062 0)
(0.057 0.062 0)
(0.058 0.062 0)
(0.059 0.062 0)
(0.06 0.062 0)
(0.061 0.062 0)
(0.062 0.062 0)
(0.063 0.062 0)
(0.064 0.062 0)
(0.065 0.062 0)
(0.066 0.062 0)
(0.067 0.062 0)
(0.068 0.062 0)
(0.069 0.062 0)
(0.07 0.062 0)
(0.044 0.063 0)
(0.045 0.063 0)
(0.046 0.063 0)
(0.047 0.063 0)
(0.048 0.063 0)
(0.049 0.063 0)
(0.05 0.063 0)
(0.051 0.063 0)
(0.052 0.063 0)
(0.053 0.063 0)
(0.054 0.063 0)
(0.055 0.063 0)
(0.056 0.063 0)
(0.057 0.063 0)
(0.058 0.063 0)
(0.059 0.063 0)
(0.06 0.063 0)
(0.061 0.063 0)
(0.062 0.063 0)
(0.063 0.063 0)
(0.064 0.063 0)
(0.065 0.063 0)
(0.066 0.063 0)
(0.067 0.063 0)
(0.068 0.063 0)
(0.069 0.063 0)
(0.07 0.063 0)
(0.044 0.064 0)
(0.045 0.064 0)
(0.046 0.064 0)
(0.047 0.064 0)
(0.048 0.064 0)
(0.049 0.064 0)
(0.05 0.064 0)
(0.051 0.064 0)
(0.052 0.064 0)
(0.053 0.064 0)
(0.054 0.064 0)
(0.055 0.064 0)
(0.056 0.064 0)
(0.057 0.064 0)
(0.058 0.064 0)
(0.059 0.064 0)
(0.06 0.064 0)
(0.061 0.064 0)
(0.062 0.064 0)
(0.063 0.064 0)
(0.064 0.064 0)
(0.065 0.064 0)
(0.066 0.064 0)
(0.067 0.064 0)
(0.068 0.064 0)
(0.069 0.064 0)
(0.07 0.064 0)
(0.044 0.065 0)
(0.045 0.065 0)
(0.046 0.065 0)
(0.047 0.065 0)
(0.048 0.065 0)
(0.049 0.065 0)
(0.05 0.065 0)
(0.051 0.065 0)
(0.052 0.065 0)
(0.053 0.065 0)
(0.054 0.065 0)
(0.055 0.065 0)
(0.056 0.065 0)
(0.057 0.065 0)
(0.058 0.065 0)
(0.059 0.065 0)
(0.06 0.065 0)
(0.061 0.065 0)
(0.062 0.065 0)
(0.063 0.065 0)
(0.064 0.065 0)
(0.065 0.065 0)
(0.066 0.065 0)
(0.067 0.065 0)
(0.068 0.065 0)
(0.069 0.065 0)
(0.07 0.065 0)
(0.044 0.066 0)
(0.045 0.066 0)
(0.046 0.066 0)
(0.047 0.066 0)
(0.048 0.066 0)
(0.049 0.066 0)
(0.05 0.066 0)
(0.051 0.066 0)
(0.052 0.066 0)
(0.053 0.066 0)
(0.054 0.066 0)
(0.055 0.066 0)
(0.056 0.066 0)
(0.057 0.066 0)
(0.058 0.066 0)
(0.059 0.066 0)
(0.06 0.066 0)
(0.061 0.066 0)
(0.062 0.066 0)
(0.063 0.066 0)
(0.064 0.066 0)
(0.065 0.066 0)
(0.066 0.066 0)
(0.067 0.066 0)
(0.068 0.066 0)
(0.069 0.066 0)
(0.07 0.066 0)
(0.044 0.067 0)
(0.045 0.067 0)
(0.046 0.067 0)
(0.047 0.067 0)
(0.048 0.067 0)
(0.049 0.067 0)
(0.05 0.067 0)
(0.051 0.067 0)
(0.052 0.067 0)
(0.053 0.067 0)
(0.054 0.067 0)
(0.055 0.067 0)
(0.056 0.067 0)
(0.057 0.067 0)
(0.058 0.067 0)
(0.059 0.067 0)
(0.06 0.067 0)
(0.061 0.067 0)
(0.062 0.067 0)
(0.063 0.067 0)
(0.064 0.067 0)
(0.065 0.067 0)
(0.066 0.067 0)
(0.067 0.067 0)
(0.068 0.067 0)
(0.069 0.067 0)
(0.07 0.067 0)
(0.044 0.068 0)
(0.045 0.068 0)
(0.046 0.068 0)
(0.047 0.068 0)
(0.048 0.068 0)
(0.049 0.068 0)
(0.05 0.068 0)
(0.051 0.068 0)
(0.052 0.068 0)
(0.053 0.068 0)
(0.054 0.068 0)
(0.055 0.068 0)
(0.056 0.068 0)
(0.057 0.068 0)
(0.058 0.068 0)
(0.059 0.068 0)
(0.06 0.068 0)
(0.061 0.068 0)
(0.062 0.068 0)
(0.063 0.068 0)
(0.064 0.068 0)
(0.065 0.068 0)
(0.066 0.068 0)
(0.067 0.068 0)
(0.068 0.068 0)
(0.069 0.068 0)
(0.07 0.068 0)
(0.044 0.069 0)
(0.045 0.069 0)
(0.046 0.069 0)
(0.047 0.069 0)
(0.048 0.069 0)
(0.049 0.069 0)
(0.05 0.069 0)
(0.051 0.069 0)
(0.052 0.069 0)
(0.053 0.069 0)
(0.054 0.069 0)
(0.055 0.069 0)
(0.056 0.069 0)
(0.057 0.069 0)
(0.058 0.069 0)
(0.059 0.069 0)
(0.06 0.069 0)
(0.061 0.069 0)
(0.062 0.069 0)
(0.063 0.069 0)
(0.064 0.069 0)
(0.065 0.069 0)
(0.066 0.069 0)
(0.067 0.069 0)
(0.068 0.069 0)
(0.069 0.069 0)
(0.07 0.069 0)
(0.044 0.07 0)
(0.045 0.07 0)
(0.046 0.07 0)
(0.047 0.07 0)
(0.048 0.07 0)
(0.049 0.07 0)
(0.05 0.07 0)
(0.051 0.07 0)
(0.052 0.07 0)
(0.053 0.07 0)
(0.054 0.07 0)
(0.055 0.07 0)
(0.056 0.07 0)
(0.057 0.07 0)
(0.058 0.07 0)
(0.059 0.07 0)
(0.06 0.07 0)
(0.061 0.07 0)
(0.062 0.07 0)
(0.063 0.07 0)
(0.064 0.07 0)
(0.065 0.07 0)
(0.066 0.07 0)
(0.067 0.07 0)
(0.068 0.07 0)
(0.069 0.07 0)
(0.07 0.07 0)
(0.071 0.07 0)
(0.072 0.07 0)
(0.073 0.07 0)
(0.044 0.071 0)
(0.045 0.071 0)
(0.046 0.071 0)
(0.047 0.071 0)
(0.048 0.071 0)
(0.049 0.071 0)
(0.05 0.071 0)
(0.051 0.071 0)
(0.052 0.071 0)
(0.053 0.071 0)
(0.054 0.071 0)
(0.055 0.071 0)
(0.056 0.071 0)
(0.057 0.071 0)
(0.058 0.071 0)
(0.059 0.071 0)
(0.06 0.071 0)
(0.061 0.071 0)
(0.062 0.071 0)
(0.063 0.071 0)
(0.064 0.071 0)
(0.065 0.071 0)
(0.066 0.071 0)
(0.067 0.071 0)
(0.068 0.071 0)
(0.069 0.071 0)
(0.07 0.071 0)
(0.071 0.071 0)
(0.072 0.071 0)
(0.073 0.071 0)
(0.044 0.072 0)
(0.045 0.072 0)
(0.046 0.072 0)
(0.047 0.072 0)
(0.048 0.072 0)
(0.049 0.072 0)
(0.05 0.072 0)
(0.051 0.072 0)
(0.052 0.072 0)
(0.053 0.072 0)
(0.054 0.072 0)
(0.055 0.072 0)
(0.056 0.072 0)
(0.057 0.072 0)
(0.058 0.072 0)
(0.059 0.072 0)
(0.06 0.072 0)
(0.061 0.072 0)
(0.062 0.072 0)
(0.063 0.072 0)
(0.064 0.072 0)
(0.065 0.072 0)
(0.066 0.072 0)
(0.067 0.072 0)
(0.068 0.072 0)
(0.069 0.072 0)
(0.07 0.072 0)
(0.071 0.072 0)
(0.072 0.072 0)
(0.073 0.072 0)
(0.044 0.073 0)
(0.045 0.073 0)
(0.046 0.073 0)
(0.047 0.073 0)
(0.048 0.073 0)
(0.049 0.073 0)
(0.05 0.073 0)
(0.051 0.073 0)
(0.052 0.073 0)
(0.053 0.073 0)
(0.054 0.073 0)
(0.055 0.073 0)
(0.056 0.073 0)
(0.057 0.073 0)
(0.058 0.073 0)
(0.059 0.073 0)
(0.06 0.073 0)
(0.061 0.073 0)
(0.062 0.073 0)
(0.063 0.073 0)
(0.064 0.073 0)
(0.065 0.073 0)
(0.066 0.073 0)
(0.067 0.073 0)
(0.068 0.073 0)
(0.069 0.073 0)
(0.07 0.073 0)
(0.071 0.073 0)
(0.072 0.073 0)
(0.073 0.073 0)
(0.044 0.074 0)
(0.045 0.074 0)
(0.046 0.074 0)
(0.047 0.074 0)
(0.048 0.074 0)
(0.049 0.074 0)
(0.05 0.074 0)
(0.051 0.074 0)
(0.052 0.074 0)
(0.053 0.074 0)
(0.054 0.074 0)
(0.055 0.074 0)
(0.056 0.074 0)
(0.057 0.074 0)
(0.058 0.074 0)
(0.059 0.074 0)
(0.06 0.074 0)
(0.061 0.074 0)
(0.062 0.074 0)
(0.063 0.074 0)
(0.064 0.074 0)
(0.065 0.074 0)
(0.066 0.074 0)
(0.067 0.074 0)
(0.068 0.074 0)
(0.069 0.074 0)
(0.07 0.074 0)
(0.071 0.074 0)
(0.072 0.074 0)
(0.073 0.074 0)
(0.044 0.075 0)
(0.045 0.075 0)
(0.046 0.075 0)
(0.047 0.075 0)
(0.048 0.075 0)
(0.049 0.075 0)
(0.05 0.075 0)
(0.051 0.075 0)
(0.052 0.075 0)
(0.053 0.075 0)
(0.054 0.075 0)
(0.055 0.075 0)
(0.056 0.075 0)
(0.057 0.075 0)
(0.058 0.075 0)
(0.059 0.075 0)
(0.06 0.075 0)
(0.061 0.075 0)
(0.062 0.075 0)
(0.063 0.075 0)
(0.064 0.075 0)
(0.065 0.075 0)
(0.066 0.075 0)
(0.067 0.075 0)
(0.068 0.075 0)
(0.069 0.075 0)
(0.07 0.075 0)
(0.071 0.075 0)
(0.072 0.075 0)
(0.073 0.075 0)
(0.044 0.076 0)
(0.045 0.076 0)
(0.046 0.076 0)
(0.047 0.076 0)
(0.048 0.076 0)
(0.049 0.076 0)
(0.05 0.076 0)
(0.051 0.076 0)
(0.052 0.076 0)
(0.053 0.076 0)
(0.054 0.076 0)
(0.055 0.076 0)
(0.056 0.076 0)
(0.057 0.076 0)
(0.058 0.076 0)
(0.059 0.076 0)
(0.06 0.076 0)
(0.061 0.076 0)
(0.062 0.076 0)
(0.063 0.076 0)
(0.064 0.076 0)
(0.065 0.076 0)
(0.066 0.076 0)
(0.067 0.076 0)
(0.068 0.076 0)
(0.069 0.076 0)
(0.07 0.076 0)
(0.071 0.076 0)
(0.072 0.076 0)
(0.073 0.076 0)
(0.044 0.077 0)
(0.045 0.077 0)
(0.046 0.077 0)
(0.047 0.077 0)
(0.048 0.077 0)
(0.049 0.077 0)
(0.05 0.077 0)
(0.051 0.077 0)
(0.052 0.077 0)
(0.053 0.077 0)
(0.054 0.077 0)
(0.055 0.077 0)
(0.056 0.077 0)
(0.057 0.077 0)
(0.058 0.077 0)
(0.059 0.077 0)
(0.06 0.077 0)
(0.061 0.077 0)
(0.062 0.077 0)
(0.063 0.077 0)
(0.064 0.077 0)
(0.065 0.077 0)
(0.066 0.077 0)
(0.067 0.077 0)
(0.068 0.077 0)
(0.069 0.077 0)
(0.07 0.077 0)
(0.071 0.077 0)
(0.072 0.077 0)
(0.073 0.077 0)
(0.044 0.078 0)
(0.045 0.078 0)
(0.046 0.078 0)
(0.047 0.078 0)
(0.048 0.078 0)
(0.049 0.078 0)
(0.05 0.078 0)
(0.051 0.078 0)
(0.052 0.078 0)
(0.053 0.078 0)
(0.054 0.078 0)
(0.055 0.078 0)
(0.056 0.078 0)
(0.057 0.078 0)
(0.058 0.078 0)
(0.059 0.078 0)
(0.06 0.078 0)
(0.061 0.078 0)
(0.062 0.078 0)
(0.063 0.078 0)
(0.064 0.078 0)
(0.065 0.078 0)
(0.066 0.078 0)
(0.067 0.078 0)
(0.068 0.078 0)
(0.069 0.078 0)
(0.07 0.078 0)
(0.071 0.078 0)
(0.072 0.078 0)
(0.073 0.078 0)
(0.044 0.079 0)
(0.045 0.079 0)
(0.046 0.079 0)
(0.047 0.079 0)
(0.048 0.079 0)
(0.049 0.079 0)
(0.05 0.079 0)
(0.051 0.079 0)
(0.052 0.079 0)
(0.053 0.079 0)
(0.054 0.079 0)
(0.055 0.079 0)
(0.056 0.079 0)
(0.057 0.079 0)
(0.058 0.079 0)
(0.059 0.079 0)
(0.06 0.079 0)
(0.061 0.079 0)
(0.062 0.079 0)
(0.063 0.079 0)
(0.064 0.079 0)
(0.065 0.079 0)
(0.066 0.079 0)
(0.067 0.079 0)
(0.068 0.079 0)
(0.069 0.079 0)
(0.07 0.079 0)
(0.071 0.079 0)
(0.072 0.079 0)
(0.073 0.079 0)
(0.044 0.08 0)
(0.045 0.08 0)
(0.046 0.08 0)
(0.047 0.08 0)
(0.048 0.08 0)
(0.049 0.08 0)
(0.05 0.08 0)
(0.051 0.08 0)
(0.052 0.08 0)
(0.053 0.08 0)
(0.054 0.08 0)
(0.055 0.08 0)
(0.056 0.08 0)
(0.057 0.08 0)
(0.058 0.08 0)
(0.059 0.08 0)
(0.06 0.08 0)
(0.061 0.08 0)
(0.062 0.08 0)
(0.063 0.08 0)
(0.064 0.08 0)
(0.065 0.08 0)
(0.066 0.08 0)
(0.067 0.08 0)
(0.068 0.08 0)
(0.069 0.08 0)
(0.07 0.08 0)
(0.071 0.08 0)
(0.072 0.08 0)
(0.073 0.08 0)
(0.044 0.081 0)
(0.045 0.081 0)
(0.046 0.081 0)
(0.047 0.081 0)
(0.048 0.081 0)
(0.049 0.081 0)
(0.05 0.081 0)
(0.051 0.081 0)
(0.052 0.081 0)
(0.053 0.081 0)
(0.054 0.081 0)
(0.055 0.081 0)
(0.056 0.081 0)
(0.057 0.081 0)
(0.058 0.081 0)
(0.059 0.081 0)
(0.06 0.081 0)
(0.061 0.081 0)
(0.062 0.081 0)
(0.063 0.081 0)
(0.064 0.081 0)
(0.065 0.081 0)
(0.066 0.081 0)
(0.067 0.081 0)
(0.068 0.081 0)
(0.069 0.081 0)
(0.07 0.081 0)
(0.071 0.081 0)
(0.072 0.081 0)
(0.073 0.081 0)
(0.044 0.082 0)
(0.045 0.082 0)
(0.046 0.082 0)
(0.047 0.082 0)
(0.048 0.082 0)
(0.049 0.082 0)
(0.05 0.082 0)
(0.051 0.082 0)
(0.052 0.082 0)
(0.053 0.082 0)
(0.054 0.082 0)
(0.055 0.082 0)
(0.056 0.082 0)
(0.057 0.082 0)
(0.058 0.082 0)
(0.059 0.082 0)
(0.06 0.082 0)
(0.061 0.082 0)
(0.062 0.082 0)
(0.063 0.082 0)
(0.064 0.082 0)
(0.065 0.082 0)
(0.066 0.082 0)
(0.067 0.082 0)
(0.068 0.082 0)
(0.069 0.082 0)
(0.07 0.082 0)
(0.071 0.082 0)
(0.072 0.082 0)
(0.073 0.082 0)
(0.044 0.083 0)
(0.045 0.083 0)
(0.046 0.083 0)
(0.047 0.083 0)
(0.048 0.083 0)
(0.049 0.083 0)
(0.05 0.083 0)
(0.051 0.083 0)
(0.052 0.083 0)
(0.053 0.083 0)
(0.054 0.083 0)
(0.055 0.083 0)
(0.056 0.083 0)
(0.057 0.083 0)
(0.058 0.083 0)
(0.059 0.083 0)
(0.06 0.083 0)
(0.061 0.083 0)
(0.062 0.083 0)
(0.063 0.083 0)
(0.064 0.083 0)
(0.065 0.083 0)
(0.066 0.083 0)
(0.067 0.083 0)
(0.068 0.083 0)
(0.069 0.083 0)
(0.07 0.083 0)
(0.071 0.083 0)
(0.072 0.083 0)
(0.073 0.083 0)
(0.044 0.084 0)
(0.045 0.084 0)
(0.046 0.084 0)
(0.047 0.084 0)
(0.048 0.084 0)
(0.049 0.084 0)
(0.05 0.084 0)
(0.051 0.084 0)
(0.052 0.084 0)
(0.053 0.084 0)
(0.054 0.084 0)
(0.055 0.084 0)
(0.056 0.084 0)
(0.057 0.084 0)
(0.058 0.084 0)
(0.059 0.084 0)
(0.06 0.084 0)
(0.061 0.084 0)
(0.062 0.084 0)
(0.063 0.084 0)
(0.064 0.084 0)
(0.065 0.084 0)
(0.066 0.084 0)
(0.067 0.084 0)
(0.068 0.084 0)
(0.069 0.084 0)
(0.07 0.084 0)
(0.071 0.084 0)
(0.072 0.084 0)
(0.073 0.084 0)
(0.044 0.085 0)
(0.045 0.085 0)
(0.046 0.085 0)
(0.047 0.085 0)
(0.048 0.085 0)
(0.049 0.085 0)
(0.05 0.085 0)
(0.051 0.085 0)
(0.052 0.085 0)
(0.053 0.085 0)
(0.054 0.085 0)
(0.055 0.085 0)
(0.056 0.085 0)
(0.057 0.085 0)
(0.058 0.085 0)
(0.059 0.085 0)
(0.06 0.085 0)
(0.061 0.085 0)
(0.062 0.085 0)
(0.063 0.085 0)
(0.064 0.085 0)
(0.065 0.085 0)
(0.066 0.085 0)
(0.067 0.085 0)
(0.068 0.085 0)
(0.069 0.085 0)
(0.07 0.085 0)
(0.071 0.085 0)
(0.072 0.085 0)
(0.073 0.085 0)
(0.044 0.086 0)
(0.045 0.086 0)
(0.046 0.086 0)
(0.047 0.086 0)
(0.048 0.086 0)
(0.049 0.086 0)
(0.05 0.086 0)
(0.051 0.086 0)
(0.052 0.086 0)
(0.053 0.086 0)
(0.054 0.086 0)
(0.055 0.086 0)
(0.056 0.086 0)
(0.057 0.086 0)
(0.058 0.086 0)
(0.059 0.086 0)
(0.06 0.086 0)
(0.061 0.086 0)
(0.062 0.086 0)
(0.063 0.086 0)
(0.064 0.086 0)
(0.065 0.086 0)
(0.066 0.086 0)
(0.067 0.086 0)
(0.068 0.086 0)
(0.069 0.086 0)
(0.07 0.086 0)
(0.071 0.086 0)
(0.072 0.086 0)
(0.073 0.086 0)
(0.044 0.087 0)
(0.045 0.087 0)
(0.046 0.087 0)
(0.047 0.087 0)
(0.048 0.087 0)
(0.049 0.087 0)
(0.05 0.087 0)
(0.051 0.087 0)
(0.052 0.087 0)
(0.053 0.087 0)
(0.054 0.087 0)
(0.055 0.087 0)
(0.056 0.087 0)
(0.057 0.087 0)
(0.058 0.087 0)
(0.059 0.087 0)
(0.06 0.087 0)
(0.061 0.087 0)
(0.062 0.087 0)
(0.063 0.087 0)
(0.064 0.087 0)
(0.065 0.087 0)
(0.066 0.087 0)
(0.067 0.087 0)
(0.068 0.087 0)
(0.069 0.087 0)
(0.07 0.087 0)
(0.071 0.087 0)
(0.072 0.087 0)
(0.073 0.087 0)
(0.044 0.088 0)
(0.045 0.088 0)
(0.046 0.088 0)
(0.047 0.088 0)
(0.048 0.088 0)
(0.049 0.088 0)
(0.05 0.088 0)
(0.051 0.088 0)
(0.052 0.088 0)
(0.053 0.088 0)
(0.054 0.088 0)
(0.055 0.088 0)
(0.056 0.088 0)
(0.057 0.088 0)
(0.058 0.088 0)
(0.059 0.088 0)
(0.06 0.088 0)
(0.061 0.088 0)
(0.062 0.088 0)
(0.063 0.088 0)
(0.064 0.088 0)
(0.065 0.088 0)
(0.066 0.088 0)
(0.067 0.088 0)
(0.068 0.088 0)
(0.069 0.088 0)
(0.07 0.088 0)
(0.071 0.088 0)
(0.072 0.088 0)
(0.073 0.088 0)
(0.044 0.089 0)
(0.045 0.089 0)
(0.046 0.089 0)
(0.047 0.089 0)
(0.048 0.089 0)
(0.049 0.089 0)
(0.05 0.089 0)
(0.051 0.089 0)
(0.052 0.089 0)
(0.053 0.089 0)
(0.054 0.089 0)
(0.055 0.089 0)
(0.056 0.089 0)
(0.057 0.089 0)
(0.058 0.089 0)
(0.059 0.089 0)
(0.06 0.089 0)
(0.061 0.089 0)
(0.062 0.089 0)
(0.063 0.089 0)
(0.064 0.089 0)
(0.065 0.089 0)
(0.066 0.089 0)
(0.067 0.089 0)
(0.068 0.089 0)
(0.069 0.089 0)
(0.07 0.089 0)
(0.071 0.089 0)
(0.072 0.089 0)
(0.073 0.089 0)
(0.044 0.09 0)
(0.045 0.09 0)
(0.046 0.09 0)
(0.047 0.09 0)
(0.048 0.09 0)
(0.049 0.09 0)
(0.05 0.09 0)
(0.051 0.09 0)
(0.052 0.09 0)
(0.053 0.09 0)
(0.054 0.09 0)
(0.055 0.09 0)
(0.056 0.09 0)
(0.057 0.09 0)
(0.058 0.09 0)
(0.059 0.09 0)
(0.06 0.09 0)
(0.061 0.09 0)
(0.062 0.09 0)
(0.063 0.09 0)
(0.064 0.09 0)
(0.065 0.09 0)
(0.066 0.09 0)
(0.067 0.09 0)
(0.068 0.09 0)
(0.069 0.09 0)
(0.07 0.09 0)
(0.071 0.09 0)
(0.072 0.09 0)
(0.073 0.09 0)
(0.044 0.091 0)
(0.045 0.091 0)
(0.046 0.091 0)
(0.047 0.091 0)
(0.048 0.091 0)
(0.049 0.091 0)
(0.05 0.091 0)
(0.051 0.091 0)
(0.052 0.091 0)
(0.053 0.091 0)
(0.054 0.091 0)
(0.055 0.091 0)
(0.056 0.091 0)
(0.057 0.091 0)
(0.058 0.091 0)
(0.059 0.091 0)
(0.06 0.091 0)
(0.061 0.091 0)
(0.062 0.091 0)
(0.063 0.091 0)
(0.064 0.091 0)
(0.065 0.091 0)
(0.066 0.091 0)
(0.067 0.091 0)
(0.068 0.091 0)
(0.069 0.091 0)
(0.07 0.091 0)
(0.071 0.091 0)
(0.072 0.091 0)
(0.073 0.091 0)
(0.044 0.092 0)
(0.045 0.092 0)
(0.046 0.092 0)
(0.047 0.092 0)
(0.048 0.092 0)
(0.049 0.092 0)
(0.05 0.092 0)
(0.051 0.092 0)
(0.052 0.092 0)
(0.053 0.092 0)
(0.054 0.092 0)
(0.055 0.092 0)
(0.056 0.092 0)
(0.057 0.092 0)
(0.058 0.092 0)
(0.059 0.092 0)
(0.06 0.092 0)
(0.061 0.092 0)
(0.062 0.092 0)
(0.063 0.092 0)
(0.064 0.092 0)
(0.065 0.092 0)
(0.066 0.092 0)
(0.067 0.092 0)
(0.068 0.092 0)
(0.069 0.092 0)
(0.07 0.092 0)
(0.071 0.092 0)
(0.072 0.092 0)
(0.073 0.092 0)
(0.044 0.093 0)
(0.045 0.093 0)
(0.046 0.093 0)
(0.047 0.093 0)
(0.048 0.093 0)
(0.049 0.093 0)
(0.05 0.093 0)
(0.051 0.093 0)
(0.052 0.093 0)
(0.053 0.093 0)
(0.054 0.093 0)
(0.055 0.093 0)
(0.056 0.093 0)
(0.057 0.093 0)
(0.058 0.093 0)
(0.059 0.093 0)
(0.06 0.093 0)
(0.061 0.093 0)
(0.062 0.093 0)
(0.063 0.093 0)
(0.064 0.093 0)
(0.065 0.093 0)
(0.066 0.093 0)
(0.067 0.093 0)
(0.068 0.093 0)
(0.069 0.093 0)
(0.07 0.093 0)
(0.071 0.093 0)
(0.072 0.093 0)
(0.073 0.093 0)
(0.044 0.094 0)
(0.045 0.094 0)
(0.046 0.094 0)
(0.047 0.094 0)
(0.048 0.094 0)
(0.049 0.094 0)
(0.05 0.094 0)
(0.051 0.094 0)
(0.052 0.094 0)
(0.053 0.094 0)
(0.054 0.094 0)
(0.055 0.094 0)
(0.056 0.094 0)
(0.057 0.094 0)
(0.058 0.094 0)
(0.059 0.094 0)
(0.06 0.094 0)
(0.061 0.094 0)
(0.062 0.094 0)
(0.063 0.094 0)
(0.064 0.094 0)
(0.065 0.094 0)
(0.066 0.094 0)
(0.067 0.094 0)
(0.068 0.094 0)
(0.069 0.094 0)
(0.07 0.094 0)
(0.071 0.094 0)
(0.072 0.094 0)
(0.073 0.094 0)
(0.044 0.095 0)
(0.045 0.095 0)
(0.046 0.095 0)
(0.047 0.095 0)
(0.048 0.095 0)
(0.049 0.095 0)
(0.05 0.095 0)
(0.051 0.095 0)
(0.052 0.095 0)
(0.053 0.095 0)
(0.054 0.095 0)
(0.055 0.095 0)
(0.056 0.095 0)
(0.057 0.095 0)
(0.058 0.095 0)
(0.059 0.095 0)
(0.06 0.095 0)
(0.061 0.095 0)
(0.062 0.095 0)
(0.063 0.095 0)
(0.064 0.095 0)
(0.065 0.095 0)
(0.066 0.095 0)
(0.067 0.095 0)
(0.068 0.095 0)
(0.069 0.095 0)
(0.07 0.095 0)
(0.071 0.095 0)
(0.072 0.095 0)
(0.073 0.095 0)
(0.044 0.096 0)
(0.045 0.096 0)
(0.046 0.096 0)
(0.047 0.096 0)
(0.048 0.096 0)
(0.049 0.096 0)
(0.05 0.096 0)
(0.051 0.096 0)
(0.052 0.096 0)
(0.053 0.096 0)
(0.054 0.096 0)
(0.055 0.096 0)
(0.056 0.096 0)
(0.057 0.096 0)
(0.058 0.096 0)
(0.059 0.096 0)
(0.06 0.096 0)
(0.061 0.096 0)
(0.062 0.096 0)
(0.063 0.096 0)
(0.064 0.096 0)
(0.065 0.096 0)
(0.066 0.096 0)
(0.067 0.096 0)
(0.068 0.096 0)
(0.069 0.096 0)
(0.07 0.096 0)
(0.071 0.096 0)
(0.072 0.096 0)
(0.073 0.096 0)
(0.044 0.097 0)
(0.045 0.097 0)
(0.046 0.097 0)
(0.047 0.097 0)
(0.048 0.097 0)
(0.049 0.097 0)
(0.05 0.097 0)
(0.051 0.097 0)
(0.052 0.097 0)
(0.053 0.097 0)
(0.054 0.097 0)
(0.055 0.097 0)
(0.056 0.097 0)
(0.057 0.097 0)
(0.058 0.097 0)
(0.059 0.097 0)
(0.06 0.097 0)
(0.061 0.097 0)
(0.062 0.097 0)
(0.063 0.097 0)
(0.064 0.097 0)
(0.065 0.097 0)
(0.066 0.097 0)
(0.067 0.097 0)
(0.068 0.097 0)
(0.069 0.097 0)
(0.07 0.097 0)
(0.071 0.097 0)
(0.072 0.097 0)
(0.073 0.097 0)
(0.044 0.098 0)
(0.045 0.098 0)
(0.046 0.098 0)
(0.047 0.098 0)
(0.048 0.098 0)
(0.049 0.098 0)
(0.05 0.098 0)
(0.051 0.098 0)
(0.052 0.098 0)
(0.053 0.098 0)
(0.054 0.098 0)
(0.055 0.098 0)
(0.056 0.098 0)
(0.057 0.098 0)
(0.058 0.098 0)
(0.059 0.098 0)
(0.06 0.098 0)
(0.061 0.098 0)
(0.062 0.098 0)
(0.063 0.098 0)
(0.064 0.098 0)
(0.065 0.098 0)
(0.066 0.098 0)
(0.067 0.098 0)
(0.068 0.098 0)
(0.069 0.098 0)
(0.07 0.098 0)
(0.071 0.098 0)
(0.072 0.098 0)
(0.073 0.098 0)
(0.044 0.099 0)
(0.045 0.099 0)
(0.046 0.099 0)
(0.047 0.099 0)
(0.048 0.099 0)
(0.049 0.099 0)
(0.05 0.099 0)
(0.051 0.099 0)
(0.052 0.099 0)
(0.053 0.099 0)
(0.054 0.099 0)
(0.055 0.099 0)
(0.056 0.099 0)
(0.057 0.099 0)
(0.058 0.099 0)
(0.059 0.099 0)
(0.06 0.099 0)
(0.061 0.099 0)
(0.062 0.099 0)
(0.063 0.099 0)
(0.064 0.099 0)
(0.065 0.099 0)
(0.066 0.099 0)
(0.067 0.099 0)
(0.068 0.099 0)
(0.069 0.099 0)
(0.07 0.099 0)
(0.071 0.099 0)
(0.072 0.099 0)
(0.073 0.099 0)
(0.044 0.1 0)
(0.045 0.1 0)
(0.046 0.1 0)
(0.047 0.1 0)
(0.048 0.1 0)
(0.049 0.1 0)
(0.05 0.1 0)
(0.051 0.1 0)
(0.052 0.1 0)
(0.053 0.1 0)
(0.054 0.1 0)
(0.055 0.1 0)
(0.056 0.1 0)
(0.057 0.1 0)
(0.058 0.1 0)
(0.059 0.1 0)
(0.06 0.1 0)
(0.061 0.1 0)
(0.062 0.1 0)
(0.063 0.1 0)
(0.064 0.1 0)
(0.065 0.1 0)
(0.066 0.1 0)
(0.067 0.1 0)
(0.068 0.1 0)
(0.069 0.1 0)
(0.07 0.1 0)
(0.071 0.1 0)
(0.072 0.1 0)
(0.073 0.1 0)
(0.044 0.055 0.01)
(0.045 0.055 0.01)
(0.046 0.055 0.01)
(0.047 0.055 0.01)
(0.048 0.055 0.01)
(0.049 0.055 0.01)
(0.05 0.055 0.01)
(0.051 0.055 0.01)
(0.052 0.055 0.01)
(0.053 0.055 0.01)
(0.054 0.055 0.01)
(0.055 0.055 0.01)
(0.056 0.055 0.01)
(0.057 0.055 0.01)
(0.058 0.055 0.01)
(0.059 0.055 0.01)
(0.06 0.055 0.01)
(0.061 0.055 0.01)
(0.062 0.055 0.01)
(0.063 0.055 0.01)
(0.064 0.055 0.01)
(0.065 0.055 0.01)
(0.066 0.055 0.01)
(0.067 0.055 0.01)
(0.068 0.055 0.01)
(0.069 0.055 0.01)
(0.07 0.055 0.01)
(0.044 0.056 0.01)
(0.045 0.056 0.01)
(0.046 0.056 0.01)
(0.047 0.056 0.01)
(0.048 0.056 0.01)
(0.049 0.056 0.01)
(0.05 0.056 0.01)
(0.051 0.056 0.01)
(0.052 0.056 0.01)
(0.053 0.056 0.01)
(0.054 0.056 0.01)
(0.055 0.056 0.01)
(0.056 0.056 0.01)
(0.057 0.056 0.01)
(0.058 0.056 0.01)
(0.059 0.056 0.01)
(0.06 0.056 0.01)
(0.061 0.056 0.01)
(0.062 0.056 0.01)
(0.063 0.056 0.01)
(0.064 0.056 0.01)
(0.065 0.056 0.01)
(0.066 0.056 0.01)
(0.067 0.056 0.01)
(0.068 0.056 0.01)
(0.069 0.056 0.01)
(0.07 0.056 0.01)
(0.044 0.057 0.01)
(0.045 0.057 0.01)
(0.046 0.057 0.01)
(0.047 0.057 0.01)
(0.048 0.057 0.01)
(0.049 0.057 0.01)
(0.05 0.057 0.01)
(0.051 0.057 0.01)
(0.052 0.057 0.01)
(0.053 0.057 0.01)
(0.054 0.057 0.01)
(0.055 0.057 0.01)
(0.056 0.057 0.01)
(0.057 0.057 0.01)
(0.058 0.057 0.01)
(0.059 0.057 0.01)
(0.06 0.057 0.01)
(0.061 0.057 0.01)
(0.062 0.057 0.01)
(0.063 0.057 0.01)
(0.064 0.057 0.01)
(0.065 0.057 0.01)
(0.066 0.057 0.01)
(0.067 0.057 0.01)
(0.068 0.057 0.01)
(0.069 0.057 0.01)
(0.07 0.057 0.01)
(0.044 0.058 0.01)
(0.045 0.058 0.01)
(0.046 0.058 0.01)
(0.047 0.058 0.01)
(0.048 0.058 0.01)
(0.049 0.058 0.01)
(0.05 0.058 0.01)
(0.051 0.058 0.01)
(0.052 0.058 0.01)
(0.053 0.058 0.01)
(0.054 0.058 0.01)
(0.055 0.058 0.01)
(0.056 0.058 0.01)
(0.057 0.058 0.01)
(0.058 0.058 0.01)
(0.059 0.058 0.01)
(0.06 0.058 0.01)
(0.061 0.058 0.01)
(0.062 0.058 0.01)
(0.063 0.058 0.01)
(0.064 0.058 0.01)
(0.065 0.058 0.01)
(0.066 0.058 0.01)
(0.067 0.058 0.01)
(0.068 0.058 0.01)
(0.069 0.058 0.01)
(0.07 0.058 0.01)
(0.044 0.059 0.01)
(0.045 0.059 0.01)
(0.046 0.059 0.01)
(0.047 0.059 0.01)
(0.048 0.059 0.01)
(0.049 0.059 0.01)
(0.05 0.059 0.01)
(0.051 0.059 0.01)
(0.052 0.059 0.01)
(0.053 0.059 0.01)
(0.054 0.059 0.01)
(0.055 0.059 0.01)
(0.056 0.059 0.01)
(0.057 0.059 0.01)
(0.058 0.059 0.01)
(0.059 0.059 0.01)
(0.06 0.059 0.01)
(0.061 0.059 0.01)
(0.062 0.059 0.01)
(0.063 0.059 0.01)
(0.064 0.059 0.01)
(0.065 0.059 0.01)
(0.066 0.059 0.01)
(0.067 0.059 0.01)
(0.068 0.059 0.01)
(0.069 0.059 0.01)
(0.07 0.059 0.01)
(0.044 0.06 0.01)
(0.045 0.06 0.01)
(0.046 0.06 0.01)
(0.047 0.06 0.01)
(0.048 0.06 0.01)
(0.049 0.06 0.01)
(0.05 0.06 0.01)
(0.051 0.06 0.01)
(0.052 0.06 0.01)
(0.053 0.06 0.01)
(0.054 0.06 0.01)
(0.055 0.06 0.01)
(0.056 0.06 0.01)
(0.057 0.06 0.01)
(0.058 0.06 0.01)
(0.059 0.06 0.01)
(0.06 0.06 0.01)
(0.061 0.06 0.01)
(0.062 0.06 0.01)
(0.063 0.06 0.01)
(0.064 0.06 0.01)
(0.065 0.06 0.01)
(0.066 0.06 0.01)
(0.067 0.06 0.01)
(0.068 0.06 0.01)
(0.069 0.06 0.01)
(0.07 0.06 0.01)
(0.044 0.061 0.01)
(0.045 0.061 0.01)
(0.046 0.061 0.01)
(0.047 0.061 0.01)
(0.048 0.061 0.01)
(0.049 0.061 0.01)
(0.05 0.061 0.01)
(0.051 0.061 0.01)
(0.052 0.061 0.01)
(0.053 0.061 0.01)
(0.054 0.061 0.01)
(0.055 0.061 0.01)
(0.056 0.061 0.01)
(0.057 0.061 0.01)
(0.058 0.061 0.01)
(0.059 0.061 0.01)
(0.06 0.061 0.01)
(0.061 0.061 0.01)
(0.062 0.061 0.01)
(0.063 0.061 0.01)
(0.064 0.061 0.01)
(0.065 0.061 0.01)
(0.066 0.061 0.01)
(0.067 0.061 0.01)
(0.068 0.061 0.01)
(0.069 0.061 0.01)
(0.07 0.061 0.01)
(0.044 0.062 0.01)
(0.045 0.062 0.01)
(0.046 0.062 0.01)
(0.047 0.062 0.01)
(0.048 0.062 0.01)
(0.049 0.062 0.01)
(0.05 0.062 0.01)
(0.051 0.062 0.01)
(0.052 0.062 0.01)
(0.053 0.062 0.01)
(0.054 0.062 0.01)
(0.055 0.062 0.01)
(0.056 0.062 0.01)
(0.057 0.062 0.01)
(0.058 0.062 0.01)
(0.059 0.062 0.01)
(0.06 0.062 0.01)
(0.061 0.062 0.01)
(0.062 0.062 0.01)
(0.063 0.062 0.01)
(0.064 0.062 0.01)
(0.065 0.062 0.01)
(0.066 0.062 0.01)
(0.067 0.062 0.01)
(0.068 0.062 0.01)
(0.069 0.062 0.01)
(0.07 0.062 0.01)
(0.044 0.063 0.01)
(0.045 0.063 0.01)
(0.046 0.063 0.01)
(0.047 0.063 0.01)
(0.048 0.063 0.01)
(0.049 0.063 0.01)
(0.05 0.063 0.01)
(0.051 0.063 0.01)
(0.052 0.063 0.01)
(0.053 0.063 0.01)
(0.054 0.063 0.01)
(0.055 0.063 0.01)
(0.056 0.063 0.01)
(0.057 0.063 0.01)
(0.058 0.063 0.01)
(0.059 0.063 0.01)
(0.06 0.063 0.01)
(0.061 0.063 0.01)
(0.062 0.063 0.01)
(0.063 0.063 0.01)
(0.064 0.063 0.01)
(0.065 0.063 0.01)
(0.066 0.063 0.01)
(0.067 0.063 0.01)
(0.068 0.063 0.01)
(0.069 0.063 0.01)
(0.07 0.063 0.01)
(0.044 0.064 0.01)
(0.045 0.064 0.01)
(0.046 0.064 0.01)
(0.047 0.064 0.01)
(0.048 0.064 0.01)
(0.049 0.064 0.01)
(0.05 0.064 0.01)
(0.051 0.064 0.01)
(0.052 0.064 0.01)
(0.053 0.064 0.01)
(0.054 0.064 0.01)
(0.055 0.064 0.01)
(0.056 0.064 0.01)
(0.057 0.064 0.01)
(0.058 0.064 0.01)
(0.059 0.064 0.01)
(0.06 0.064 0.01)
(0.061 0.064 0.01)
(0.062 0.064 0.01)
(0.063 0.064 0.01)
(0.064 0.064 0.01)
(0.065 0.064 0.01)
(0.066 0.064 0.01)
(0.067 0.064 0.01)
(0.068 0.064 0.01)
(0.069 0.064 0.01)
(0.07 0.064 0.01)
(0.044 0.065 0.01)
(0.045 0.065 0.01)
(0.046 0.065 0.01)
(0.047 0.065 0.01)
(0.048 0.065 0.01)
(0.049 0.065 0.01)
(0.05 0.065 0.01)
(0.051 0.065 0.01)
(0.052 0.065 0.01)
(0.053 0.065 0.01)
(0.054 0.065 0.01)
(0.055 0.065 0.01)
(0.056 0.065 0.01)
(0.057 0.065 0.01)
(0.058 0.065 0.01)
(0.059 0.065 0.01)
(0.06 0.065 0.01)
(0.061 0.065 0.01)
(0.062 0.065 0.01)
(0.063 0.065 0.01)
(0.064 0.065 0.01)
(0.065 0.065 0.01)
(0.066 0.065 0.01)
(0.067 0.065 0.01)
(0.068 0.065 0.01)
(0.069 0.065 0.01)
(0.07 0.065 0.01)
(0.044 0.066 0.01)
(0.045 0.066 0.01)
(0.046 0.066 0.01)
(0.047 0.066 0.01)
(0.048 0.066 0.01)
(0.049 0.066 0.01)
(0.05 0.066 0.01)
(0.051 0.066 0.01)
(0.052 0.066 0.01)
(0.053 0.066 0.01)
(0.054 0.066 0.01)
(0.055 0.066 0.01)
(0.056 0.066 0.01)
(0.057 0.066 0.01)
(0.058 0.066 0.01)
(0.059 0.066 0.01)
(0.06 0.066 0.01)
(0.061 0.066 0.01)
(0.062 0.066 0.01)
(0.063 0.066 0.01)
(0.064 0.066 0.01)
(0.065 0.066 0.01)
(0.066 0.066 0.01)
(0.067 0.066 0.01)
(0.068 0.066 0.01)
(0.069 0.066 0.01)
(0.07 0.066 0.01)
(0.044 0.067 0.01)
(0.045 0.067 0.01)
(0.046 0.067 0.01)
(0.047 0.067 0.01)
(0.048 0.067 0.01)
(0.049 0.067 0.01)
(0.05 0.067 0.01)
(0.051 0.067 0.01)
(0.052 0.067 0.01)
(0.053 0.067 0.01)
(0.054 0.067 0.01)
(0.055 0.067 0.01)
(0.056 0.067 0.01)
(0.057 0.067 0.01)
(0.058 0.067 0.01)
(0.059 0.067 0.01)
(0.06 0.067 0.01)
(0.061 0.067 0.01)
(0.062 0.067 0.01)
(0.063 0.067 0.01)
(0.064 0.067 0.01)
(0.065 0.067 0.01)
(0.066 0.067 0.01)
(0.067 0.067 0.01)
(0.068 0.067 0.01)
(0.069 0.067 0.01)
(0.07 0.067 0.01)
(0.044 0.068 0.01)
(0.045 0.068 0.01)
(0.046 0.068 0.01)
(0.047 0.068 0.01)
(0.048 0.068 0.01)
(0.049 0.068 0.01)
(0.05 0.068 0.01)
(0.051 0.068 0.01)
(0.052 0.068 0.01)
(0.053 0.068 0.01)
(0.054 0.068 0.01)
(0.055 0.068 0.01)
(0.056 0.068 0.01)
(0.057 0.068 0.01)
(0.058 0.068 0.01)
(0.059 0.068 0.01)
(0.06 0.068 0.01)
(0.061 0.068 0.01)
(0.062 0.068 0.01)
(0.063 0.068 0.01)
(0.064 0.068 0.01)
(0.065 0.068 0.01)
(0.066 0.068 0.01)
(0.067 0.068 0.01)
(0.068 0.068 0.01)
(0.069 0.068 0.01)
(0.07 0.068 0.01)
(0.044 0.069 0.01)
(0.045 0.069 0.01)
(0.046 0.069 0.01)
(0.047 0.069 0.01)
(0.048 0.069 0.01)
(0.049 0.069 0.01)
(0.05 0.069 0.01)
(0.051 0.069 0.01)
(0.052 0.069 0.01)
(0.053 0.069 0.01)
(0.054 0.069 0.01)
(0.055 0.069 0.01)
(0.056 0.069 0.01)
(0.057 0.069 0.01)
(0.058 0.069 0.01)
(0.059 0.069 0.01)
(0.06 0.069 0.01)
(0.061 0.069 0.01)
(0.062 0.069 0.01)
(0.063 0.069 0.01)
(0.064 0.069 0.01)
(0.065 0.069 0.01)
(0.066 0.069 0.01)
(0.067 0.069 0.01)
(0.068 0.069 0.01)
(0.069 0.069 0.01)
(0.07 0.069 0.01)
(0.044 0.07 0.01)
(0.045 0.07 0.01)
(0.046 0.07 0.01)
(0.047 0.07 0.01)
(0.048 0.07 0.01)
(0.049 0.07 0.01)
(0.05 0.07 0.01)
(0.051 0.07 0.01)
(0.052 0.07 0.01)
(0.053 0.07 0.01)
(0.054 0.07 0.01)
(0.055 0.07 0.01)
(0.056 0.07 0.01)
(0.057 0.07 0.01)
(0.058 0.07 0.01)
(0.059 0.07 0.01)
(0.06 0.07 0.01)
(0.061 0.07 0.01)
(0.062 0.07 0.01)
(0.063 0.07 0.01)
(0.064 0.07 0.01)
(0.065 0.07 0.01)
(0.066 0.07 0.01)
(0.067 0.07 0.01)
(0.068 0.07 0.01)
(0.069 0.07 0.01)
(0.07 0.07 0.01)
(0.071 0.07 0.01)
(0.072 0.07 0.01)
(0.073 0.07 0.01)
(0.044 0.071 0.01)
(0.045 0.071 0.01)
(0.046 0.071 0.01)
(0.047 0.071 0.01)
(0.048 0.071 0.01)
(0.049 0.071 0.01)
(0.05 0.071 0.01)
(0.051 0.071 0.01)
(0.052 0.071 0.01)
(0.053 0.071 0.01)
(0.054 0.071 0.01)
(0.055 0.071 0.01)
(0.056 0.071 0.01)
(0.057 0.071 0.01)
(0.058 0.071 0.01)
(0.059 0.071 0.01)
(0.06 0.071 0.01)
(0.061 0.071 0.01)
(0.062 0.071 0.01)
(0.063 0.071 0.01)
(0.064 0.071 0.01)
(0.065 0.071 0.01)
(0.066 0.071 0.01)
(0.067 0.071 0.01)
(0.068 0.071 0.01)
(0.069 0.071 0.01)
(0.07 0.071 0.01)
(0.071 0.071 0.01)
(0.072 0.071 0.01)
(0.073 0.071 0.01)
(0.044 0.072 0.01)
(0.045 0.072 0.01)
(0.046 0.072 0.01)
(0.047 0.072 0.01)
(0.048 0.072 0.01)
(0.049 0.072 0.01)
(0.05 0.072 0.01)
(0.051 0.072 0.01)
(0.052 0.072 0.01)
(0.053 0.072 0.01)
(0.054 0.072 0.01)
(0.055 0.072 0.01)
(0.056 0.072 0.01)
(0.057 0.072 0.01)
(0.058 0.072 0.01)
(0.059 0.072 0.01)
(0.06 0.072 0.01)
(0.061 0.072 0.01)
(0.062 0.072 0.01)
(0.063 0.072 0.01)
(0.064 0.072 0.01)
(0.065 0.072 0.01)
(0.066 0.072 0.01)
(0.067 0.072 0.01)
(0.068 0.072 0.01)
(0.069 0.072 0.01)
(0.07 0.072 0.01)
(0.071 0.072 0.01)
(0.072 0.072 0.01)
(0.073 0.072 0.01)
(0.044 0.073 0.01)
(0.045 0.073 0.01)
(0.046 0.073 0.01)
(0.047 0.073 0.01)
(0.048 0.073 0.01)
(0.049 0.073 0.01)
(0.05 0.073 0.01)
(0.051 0.073 0.01)
(0.052 0.073 0.01)
(0.053 0.073 0.01)
(0.054 0.073 0.01)
(0.055 0.073 0.01)
(0.056 0.073 0.01)
(0.057 0.073 0.01)
(0.058 0.073 0.01)
(0.059 0.073 0.01)
(0.06 0.073 0.01)
(0.061 0.073 0.01)
(0.062 0.073 0.01)
(0.063 0.073 0.01)
(0.064 0.073 0.01)
(0.065 0.073 0.01)
(0.066 0.073 0.01)
(0.067 0.073 0.01)
(0.068 0.073 0.01)
(0.069 0.073 0.01)
(0.07 0.073 0.01)
(0.071 0.073 0.01)
(0.072 0.073 0.01)
(0.073 0.073 0.01)
(0.044 0.074 0.01)
(0.045 0.074 0.01)
(0.046 0.074 0.01)
(0.047 0.074 0.01)
(0.048 0.074 0.01)
(0.049 0.074 0.01)
(0.05 0.074 0.01)
(0.051 0.074 0.01)
(0.052 0.074 0.01)
(0.053 0.074 0.01)
(0.054 0.074 0.01)
(0.055 0.074 0.01)
(0.056 0.074 0.01)
(0.057 0.074 0.01)
(0.058 0.074 0.01)
(0.059 0.074 0.01)
(0.06 0.074 0.01)
(0.061 0.074 0.01)
(0.062 0.074 0.01)
(0.063 0.074 0.01)
(0.064 0.074 0.01)
(0.065 0.074 0.01)
(0.066 0.074 0.01)
(0.067 0.074 0.01)
(0.068 0.074 0.01)
(0.069 0.074 0.01)
(0.07 0.074 0.01)
(0.071 0.074 0.01)
(0.072 0.074 0.01)
(0.073 0.074 0.01)
(0.044 0.075 0.01)
(0.045 0.075 0.01)
(0.046 0.075 0.01)
(0.047 0.075 0.01)
(0.048 0.075 0.01)
(0.049 0.075 0.01)
(0.05 0.075 0.01)
(0.051 0.075 0.01)
(0.052 0.075 0.01)
(0.053 0.075 0.01)
(0.054 0.075 0.01)
(0.055 0.075 0.01)
(0.056 0.075 0.01)
(0.057 0.075 0.01)
(0.058 0.075 0.01)
(0.059 0.075 0.01)
(0.06 0.075 0.01)
(0.061 0.075 0.01)
(0.062 0.075 0.01)
(0.063 0.075 0.01)
(0.064 0.075 0.01)
(0.065 0.075 0.01)
(0.066 0.075 0.01)
(0.067 0.075 0.01)
(0.068 0.075 0.01)
(0.069 0.075 0.01)
(0.07 0.075 0.01)
(0.071 0.075 0.01)
(0.072 0.075 0.01)
(0.073 0.075 0.01)
(0.044 0.076 0.01)
(0.045 0.076 0.01)
(0.046 0.076 0.01)
(0.047 0.076 0.01)
(0.048 0.076 0.01)
(0.049 0.076 0.01)
(0.05 0.076 0.01)
(0.051 0.076 0.01)
(0.052 0.076 0.01)
(0.053 0.076 0.01)
(0.054 0.076 0.01)
(0.055 0.076 0.01)
(0.056 0.076 0.01)
(0.057 0.076 0.01)
(0.058 0.076 0.01)
(0.059 0.076 0.01)
(0.06 0.076 0.01)
(0.061 0.076 0.01)
(0.062 0.076 0.01)
(0.063 0.076 0.01)
(0.064 0.076 0.01)
(0.065 0.076 0.01)
(0.066 0.076 0.01)
(0.067 0.076 0.01)
(0.068 0.076 0.01)
(0.069 0.076 0.01)
(0.07 0.076 0.01)
(0.071 0.076 0.01)
(0.072 0.076 0.01)
(0.073 0.076 0.01)
(0.044 0.077 0.01)
(0.045 0.077 0.01)
(0.046 0.077 0.01)
(0.047 0.077 0.01)
(0.048 0.077 0.01)
(0.049 0.077 0.01)
(0.05 0.077 0.01)
(0.051 0.077 0.01)
(0.052 0.077 0.01)
(0.053 0.077 0.01)
(0.054 0.077 0.01)
(0.055 0.077 0.01)
(0.056 0.077 0.01)
(0.057 0.077 0.01)
(0.058 0.077 0.01)
(0.059 0.077 0.01)
(0.06 0.077 0.01)
(0.061 0.077 0.01)
(0.062 0.077 0.01)
(0.063 0.077 0.01)
(0.064 0.077 0.01)
(0.065 0.077 0.01)
(0.066 0.077 0.01)
(0.067 0.077 0.01)
(0.068 0.077 0.01)
(0.069 0.077 0.01)
(0.07 0.077 0.01)
(0.071 0.077 0.01)
(0.072 0.077 0.01)
(0.073 0.077 0.01)
(0.044 0.078 0.01)
(0.045 0.078 0.01)
(0.046 0.078 0.01)
(0.047 0.078 0.01)
(0.048 0.078 0.01)
(0.049 0.078 0.01)
(0.05 0.078 0.01)
(0.051 0.078 0.01)
(0.052 0.078 0.01)
(0.053 0.078 0.01)
(0.054 0.078 0.01)
(0.055 0.078 0.01)
(0.056 0.078 0.01)
(0.057 0.078 0.01)
(0.058 0.078 0.01)
(0.059 0.078 0.01)
(0.06 0.078 0.01)
(0.061 0.078 0.01)
(0.062 0.078 0.01)
(0.063 0.078 0.01)
(0.064 0.078 0.01)
(0.065 0.078 0.01)
(0.066 0.078 0.01)
(0.067 0.078 0.01)
(0.068 0.078 0.01)
(0.069 0.078 0.01)
(0.07 0.078 0.01)
(0.071 0.078 0.01)
(0.072 0.078 0.01)
(0.073 0.078 0.01)
(0.044 0.079 0.01)
(0.045 0.079 0.01)
(0.046 0.079 0.01)
(0.047 0.079 0.01)
(0.048 0.079 0.01)
(0.049 0.079 0.01)
(0.05 0.079 0.01)
(0.051 0.079 0.01)
(0.052 0.079 0.01)
(0.053 0.079 0.01)
(0.054 0.079 0.01)
(0.055 0.079 0.01)
(0.056 0.079 0.01)
(0.057 0.079 0.01)
(0.058 0.079 0.01)
(0.059 0.079 0.01)
(0.06 0.079 0.01)
(0.061 0.079 0.01)
(0.062 0.079 0.01)
(0.063 0.079 0.01)
(0.064 0.079 0.01)
(0.065 0.079 0.01)
(0.066 0.079 0.01)
(0.067 0.079 0.01)
(0.068 0.079 0.01)
(0.069 0.079 0.01)
(0.07 0.079 0.01)
(0.071 0.079 0.01)
(0.072 0.079 0.01)
(0.073 0.079 0.01)
(0.044 0.08 0.01)
(0.045 0.08 0.01)
(0.046 0.08 0.01)
(0.047 0.08 0.01)
(0.048 0.08 0.01)
(0.049 0.08 0.01)
(0.05 0.08 0.01)
(0.051 0.08 0.01)
(0.052 0.08 0.01)
(0.053 0.08 0.01)
(0.054 0.08 0.01)
(0.055 0.08 0.01)
(0.056 0.08 0.01)
(0.057 0.08 0.01)
(0.058 0.08 0.01)
(0.059 0.08 0.01)
(0.06 0.08 0.01)
(0.061 0.08 0.01)
(0.062 0.08 0.01)
(0.063 0.08 0.01)
(0.064 0.08 0.01)
(0.065 0.08 0.01)
(0.066 0.08 0.01)
(0.067 0.08 0.01)
(0.068 0.08 0.01)
(0.069 0.08 0.01)
(0.07 0.08 0.01)
(0.071 0.08 0.01)
(0.072 0.08 0.01)
(0.073 0.08 0.01)
(0.044 0.081 0.01)
(0.045 0.081 0.01)
(0.046 0.081 0.01)
(0.047 0.081 0.01)
(0.048 0.081 0.01)
(0.049 0.081 0.01)
(0.05 0.081 0.01)
(0.051 0.081 0.01)
(0.052 0.081 0.01)
(0.053 0.081 0.01)
(0.054 0.081 0.01)
(0.055 0.081 0.01)
(0.056 0.081 0.01)
(0.057 0.081 0.01)
(0.058 0.081 0.01)
(0.059 0.081 0.01)
(0.06 0.081 0.01)
(0.061 0.081 0.01)
(0.062 0.081 0.01)
(0.063 0.081 0.01)
(0.064 0.081 0.01)
(0.065 0.081 0.01)
(0.066 0.081 0.01)
(0.067 0.081 0.01)
(0.068 0.081 0.01)
(0.069 0.081 0.01)
(0.07 0.081 0.01)
(0.071 0.081 0.01)
(0.072 0.081 0.01)
(0.073 0.081 0.01)
(0.044 0.082 0.01)
(0.045 0.082 0.01)
(0.046 0.082 0.01)
(0.047 0.082 0.01)
(0.048 0.082 0.01)
(0.049 0.082 0.01)
(0.05 0.082 0.01)
(0.051 0.082 0.01)
(0.052 0.082 0.01)
(0.053 0.082 0.01)
(0.054 0.082 0.01)
(0.055 0.082 0.01)
(0.056 0.082 0.01)
(0.057 0.082 0.01)
(0.058 0.082 0.01)
(0.059 0.082 0.01)
(0.06 0.082 0.01)
(0.061 0.082 0.01)
(0.062 0.082 0.01)
(0.063 0.082 0.01)
(0.064 0.082 0.01)
(0.065 0.082 0.01)
(0.066 0.082 0.01)
(0.067 0.082 0.01)
(0.068 0.082 0.01)
(0.069 0.082 0.01)
(0.07 0.082 0.01)
(0.071 0.082 0.01)
(0.072 0.082 0.01)
(0.073 0.082 0.01)
(0.044 0.083 0.01)
(0.045 0.083 0.01)
(0.046 0.083 0.01)
(0.047 0.083 0.01)
(0.048 0.083 0.01)
(0.049 0.083 0.01)
(0.05 0.083 0.01)
(0.051 0.083 0.01)
(0.052 0.083 0.01)
(0.053 0.083 0.01)
(0.054 0.083 0.01)
(0.055 0.083 0.01)
(0.056 0.083 0.01)
(0.057 0.083 0.01)
(0.058 0.083 0.01)
(0.059 0.083 0.01)
(0.06 0.083 0.01)
(0.061 0.083 0.01)
(0.062 0.083 0.01)
(0.063 0.083 0.01)
(0.064 0.083 0.01)
(0.065 0.083 0.01)
(0.066 0.083 0.01)
(0.067 0.083 0.01)
(0.068 0.083 0.01)
(0.069 0.083 0.01)
(0.07 0.083 0.01)
(0.071 0.083 0.01)
(0.072 0.083 0.01)
(0.073 0.083 0.01)
(0.044 0.084 0.01)
(0.045 0.084 0.01)
(0.046 0.084 0.01)
(0.047 0.084 0.01)
(0.048 0.084 0.01)
(0.049 0.084 0.01)
(0.05 0.084 0.01)
(0.051 0.084 0.01)
(0.052 0.084 0.01)
(0.053 0.084 0.01)
(0.054 0.084 0.01)
(0.055 0.084 0.01)
(0.056 0.084 0.01)
(0.057 0.084 0.01)
(0.058 0.084 0.01)
(0.059 0.084 0.01)
(0.06 0.084 0.01)
(0.061 0.084 0.01)
(0.062 0.084 0.01)
(0.063 0.084 0.01)
(0.064 0.084 0.01)
(0.065 0.084 0.01)
(0.066 0.084 0.01)
(0.067 0.084 0.01)
(0.068 0.084 0.01)
(0.069 0.084 0.01)
(0.07 0.084 0.01)
(0.071 0.084 0.01)
(0.072 0.084 0.01)
(0.073 0.084 0.01)
(0.044 0.085 0.01)
(0.045 0.085 0.01)
(0.046 0.085 0.01)
(0.047 0.085 0.01)
(0.048 0.085 0.01)
(0.049 0.085 0.01)
(0.05 0.085 0.01)
(0.051 0.085 0.01)
(0.052 0.085 0.01)
(0.053 0.085 0.01)
(0.054 0.085 0.01)
(0.055 0.085 0.01)
(0.056 0.085 0.01)
(0.057 0.085 0.01)
(0.058 0.085 0.01)
(0.059 0.085 0.01)
(0.06 0.085 0.01)
(0.061 0.085 0.01)
(0.062 0.085 0.01)
(0.063 0.085 0.01)
(0.064 0.085 0.01)
(0.065 0.085 0.01)
(0.066 0.085 0.01)
(0.067 0.085 0.01)
(0.068 0.085 0.01)
(0.069 0.085 0.01)
(0.07 0.085 0.01)
(0.071 0.085 0.01)
(0.072 0.085 0.01)
(0.073 0.085 0.01)
(0.044 0.086 0.01)
(0.045 0.086 0.01)
(0.046 0.086 0.01)
(0.047 0.086 0.01)
(0.048 0.086 0.01)
(0.049 0.086 0.01)
(0.05 0.086 0.01)
(0.051 0.086 0.01)
(0.052 0.086 0.01)
(0.053 0.086 0.01)
(0.054 0.086 0.01)
(0.055 0.086 0.01)
(0.056 0.086 0.01)
(0.057 0.086 0.01)
(0.058 0.086 0.01)
(0.059 0.086 0.01)
(0.06 0.086 0.01)
(0.061 0.086 0.01)
(0.062 0.086 0.01)
(0.063 0.086 0.01)
(0.064 0.086 0.01)
(0.065 0.086 0.01)
(0.066 0.086 0.01)
(0.067 0.086 0.01)
(0.068 0.086 0.01)
(0.069 0.086 0.01)
(0.07 0.086 0.01)
(0.071 0.086 0.01)
(0.072 0.086 0.01)
(0.073 0.086 0.01)
(0.044 0.087 0.01)
(0.045 0.087 0.01)
(0.046 0.087 0.01)
(0.047 0.087 0.01)
(0.048 0.087 0.01)
(0.049 0.087 0.01)
(0.05 0.087 0.01)
(0.051 0.087 0.01)
(0.052 0.087 0.01)
(0.053 0.087 0.01)
(0.054 0.087 0.01)
(0.055 0.087 0.01)
(0.056 0.087 0.01)
(0.057 0.087 0.01)
(0.058 0.087 0.01)
(0.059 0.087 0.01)
(0.06 0.087 0.01)
(0.061 0.087 0.01)
(0.062 0.087 0.01)
(0.063 0.087 0.01)
(0.064 0.087 0.01)
(0.065 0.087 0.01)
(0.066 0.087 0.01)
(0.067 0.087 0.01)
(0.068 0.087 0.01)
(0.069 0.087 0.01)
(0.07 0.087 0.01)
(0.071 0.087 0.01)
(0.072 0.087 0.01)
(0.073 0.087 0.01)
(0.044 0.088 0.01)
(0.045 0.088 0.01)
(0.046 0.088 0.01)
(0.047 0.088 0.01)
(0.048 0.088 0.01)
(0.049 0.088 0.01)
(0.05 0.088 0.01)
(0.051 0.088 0.01)
(0.052 0.088 0.01)
(0.053 0.088 0.01)
(0.054 0.088 0.01)
(0.055 0.088 0.01)
(0.056 0.088 0.01)
(0.057 0.088 0.01)
(0.058 0.088 0.01)
(0.059 0.088 0.01)
(0.06 0.088 0.01)
(0.061 0.088 0.01)
(0.062 0.088 0.01)
(0.063 0.088 0.01)
(0.064 0.088 0.01)
(0.065 0.088 0.01)
(0.066 0.088 0.01)
(0.067 0.088 0.01)
(0.068 0.088 0.01)
(0.069 0.088 0.01)
(0.07 0.088 0.01)
(0.071 0.088 0.01)
(0.072 0.088 0.01)
(0.073 0.088 0.01)
(0.044 0.089 0.01)
(0.045 0.089 0.01)
(0.046 0.089 0.01)
(0.047 0.089 0.01)
(0.048 0.089 0.01)
(0.049 0.089 0.01)
(0.05 0.089 0.01)
(0.051 0.089 0.01)
(0.052 0.089 0.01)
(0.053 0.089 0.01)
(0.054 0.089 0.01)
(0.055 0.089 0.01)
(0.056 0.089 0.01)
(0.057 0.089 0.01)
(0.058 0.089 0.01)
(0.059 0.089 0.01)
(0.06 0.089 0.01)
(0.061 0.089 0.01)
(0.062 0.089 0.01)
(0.063 0.089 0.01)
(0.064 0.089 0.01)
(0.065 0.089 0.01)
(0.066 0.089 0.01)
(0.067 0.089 0.01)
(0.068 0.089 0.01)
(0.069 0.089 0.01)
(0.07 0.089 0.01)
(0.071 0.089 0.01)
(0.072 0.089 0.01)
(0.073 0.089 0.01)
(0.044 0.09 0.01)
(0.045 0.09 0.01)
(0.046 0.09 0.01)
(0.047 0.09 0.01)
(0.048 0.09 0.01)
(0.049 0.09 0.01)
(0.05 0.09 0.01)
(0.051 0.09 0.01)
(0.052 0.09 0.01)
(0.053 0.09 0.01)
(0.054 0.09 0.01)
(0.055 0.09 0.01)
(0.056 0.09 0.01)
(0.057 0.09 0.01)
(0.058 0.09 0.01)
(0.059 0.09 0.01)
(0.06 0.09 0.01)
(0.061 0.09 0.01)
(0.062 0.09 0.01)
(0.063 0.09 0.01)
(0.064 0.09 0.01)
(0.065 0.09 0.01)
(0.066 0.09 0.01)
(0.067 0.09 0.01)
(0.068 0.09 0.01)
(0.069 0.09 0.01)
(0.07 0.09 0.01)
(0.071 0.09 0.01)
(0.072 0.09 0.01)
(0.073 0.09 0.01)
(0.044 0.091 0.01)
(0.045 0.091 0.01)
(0.046 0.091 0.01)
(0.047 0.091 0.01)
(0.048 0.091 0.01)
(0.049 0.091 0.01)
(0.05 0.091 0.01)
(0.051 0.091 0.01)
(0.052 0.091 0.01)
(0.053 0.091 0.01)
(0.054 0.091 0.01)
(0.055 0.091 0.01)
(0.056 0.091 0.01)
(0.057 0.091 0.01)
(0.058 0.091 0.01)
(0.059 0.091 0.01)
(0.06 0.091 0.01)
(0.061 0.091 0.01)
(0.062 0.091 0.01)
(0.063 0.091 0.01)
(0.064 0.091 0.01)
(0.065 0.091 0.01)
(0.066 0.091 0.01)
(0.067 0.091 0.01)
(0.068 0.091 0.01)
(0.069 0.091 0.01)
(0.07 0.091 0.01)
(0.071 0.091 0.01)
(0.072 0.091 0.01)
(0.073 0.091 0.01)
(0.044 0.092 0.01)
(0.045 0.092 0.01)
(0.046 0.092 0.01)
(0.047 0.092 0.01)
(0.048 0.092 0.01)
(0.049 0.092 0.01)
(0.05 0.092 0.01)
(0.051 0.092 0.01)
(0.052 0.092 0.01)
(0.053 0.092 0.01)
(0.054 0.092 0.01)
(0.055 0.092 0.01)
(0.056 0.092 0.01)
(0.057 0.092 0.01)
(0.058 0.092 0.01)
(0.059 0.092 0.01)
(0.06 0.092 0.01)
(0.061 0.092 0.01)
(0.062 0.092 0.01)
(0.063 0.092 0.01)
(0.064 0.092 0.01)
(0.065 0.092 0.01)
(0.066 0.092 0.01)
(0.067 0.092 0.01)
(0.068 0.092 0.01)
(0.069 0.092 0.01)
(0.07 0.092 0.01)
(0.071 0.092 0.01)
(0.072 0.092 0.01)
(0.073 0.092 0.01)
(0.044 0.093 0.01)
(0.045 0.093 0.01)
(0.046 0.093 0.01)
(0.047 0.093 0.01)
(0.048 0.093 0.01)
(0.049 0.093 0.01)
(0.05 0.093 0.01)
(0.051 0.093 0.01)
(0.052 0.093 0.01)
(0.053 0.093 0.01)
(0.054 0.093 0.01)
(0.055 0.093 0.01)
(0.056 0.093 0.01)
(0.057 0.093 0.01)
(0.058 0.093 0.01)
(0.059 0.093 0.01)
(0.06 0.093 0.01)
(0.061 0.093 0.01)
(0.062 0.093 0.01)
(0.063 0.093 0.01)
(0.064 0.093 0.01)
(0.065 0.093 0.01)
(0.066 0.093 0.01)
(0.067 0.093 0.01)
(0.068 0.093 0.01)
(0.069 0.093 0.01)
(0.07 0.093 0.01)
(0.071 0.093 0.01)
(0.072 0.093 0.01)
(0.073 0.093 0.01)
(0.044 0.094 0.01)
(0.045 0.094 0.01)
(0.046 0.094 0.01)
(0.047 0.094 0.01)
(0.048 0.094 0.01)
(0.049 0.094 0.01)
(0.05 0.094 0.01)
(0.051 0.094 0.01)
(0.052 0.094 0.01)
(0.053 0.094 0.01)
(0.054 0.094 0.01)
(0.055 0.094 0.01)
(0.056 0.094 0.01)
(0.057 0.094 0.01)
(0.058 0.094 0.01)
(0.059 0.094 0.01)
(0.06 0.094 0.01)
(0.061 0.094 0.01)
(0.062 0.094 0.01)
(0.063 0.094 0.01)
(0.064 0.094 0.01)
(0.065 0.094 0.01)
(0.066 0.094 0.01)
(0.067 0.094 0.01)
(0.068 0.094 0.01)
(0.069 0.094 0.01)
(0.07 0.094 0.01)
(0.071 0.094 0.01)
(0.072 0.094 0.01)
(0.073 0.094 0.01)
(0.044 0.095 0.01)
(0.045 0.095 0.01)
(0.046 0.095 0.01)
(0.047 0.095 0.01)
(0.048 0.095 0.01)
(0.049 0.095 0.01)
(0.05 0.095 0.01)
(0.051 0.095 0.01)
(0.052 0.095 0.01)
(0.053 0.095 0.01)
(0.054 0.095 0.01)
(0.055 0.095 0.01)
(0.056 0.095 0.01)
(0.057 0.095 0.01)
(0.058 0.095 0.01)
(0.059 0.095 0.01)
(0.06 0.095 0.01)
(0.061 0.095 0.01)
(0.062 0.095 0.01)
(0.063 0.095 0.01)
(0.064 0.095 0.01)
(0.065 0.095 0.01)
(0.066 0.095 0.01)
(0.067 0.095 0.01)
(0.068 0.095 0.01)
(0.069 0.095 0.01)
(0.07 0.095 0.01)
(0.071 0.095 0.01)
(0.072 0.095 0.01)
(0.073 0.095 0.01)
(0.044 0.096 0.01)
(0.045 0.096 0.01)
(0.046 0.096 0.01)
(0.047 0.096 0.01)
(0.048 0.096 0.01)
(0.049 0.096 0.01)
(0.05 0.096 0.01)
(0.051 0.096 0.01)
(0.052 0.096 0.01)
(0.053 0.096 0.01)
(0.054 0.096 0.01)
(0.055 0.096 0.01)
(0.056 0.096 0.01)
(0.057 0.096 0.01)
(0.058 0.096 0.01)
(0.059 0.096 0.01)
(0.06 0.096 0.01)
(0.061 0.096 0.01)
(0.062 0.096 0.01)
(0.063 0.096 0.01)
(0.064 0.096 0.01)
(0.065 0.096 0.01)
(0.066 0.096 0.01)
(0.067 0.096 0.01)
(0.068 0.096 0.01)
(0.069 0.096 0.01)
(0.07 0.096 0.01)
(0.071 0.096 0.01)
(0.072 0.096 0.01)
(0.073 0.096 0.01)
(0.044 0.097 0.01)
(0.045 0.097 0.01)
(0.046 0.097 0.01)
(0.047 0.097 0.01)
(0.048 0.097 0.01)
(0.049 0.097 0.01)
(0.05 0.097 0.01)
(0.051 0.097 0.01)
(0.052 0.097 0.01)
(0.053 0.097 0.01)
(0.054 0.097 0.01)
(0.055 0.097 0.01)
(0.056 0.097 0.01)
(0.057 0.097 0.01)
(0.058 0.097 0.01)
(0.059 0.097 0.01)
(0.06 0.097 0.01)
(0.061 0.097 0.01)
(0.062 0.097 0.01)
(0.063 0.097 0.01)
(0.064 0.097 0.01)
(0.065 0.097 0.01)
(0.066 0.097 0.01)
(0.067 0.097 0.01)
(0.068 0.097 0.01)
(0.069 0.097 0.01)
(0.07 0.097 0.01)
(0.071 0.097 0.01)
(0.072 0.097 0.01)
(0.073 0.097 0.01)
(0.044 0.098 0.01)
(0.045 0.098 0.01)
(0.046 0.098 0.01)
(0.047 0.098 0.01)
(0.048 0.098 0.01)
(0.049 0.098 0.01)
(0.05 0.098 0.01)
(0.051 0.098 0.01)
(0.052 0.098 0.01)
(0.053 0.098 0.01)
(0.054 0.098 0.01)
(0.055 0.098 0.01)
(0.056 0.098 0.01)
(0.057 0.098 0.01)
(0.058 0.098 0.01)
(0.059 0.098 0.01)
(0.06 0.098 0.01)
(0.061 0.098 0.01)
(0.062 0.098 0.01)
(0.063 0.098 0.01)
(0.064 0.098 0.01)
(0.065 0.098 0.01)
(0.066 0.098 0.01)
(0.067 0.098 0.01)
(0.068 0.098 0.01)
(0.069 0.098 0.01)
(0.07 0.098 0.01)
(0.071 0.098 0.01)
(0.072 0.098 0.01)
(0.073 0.098 0.01)
(0.044 0.099 0.01)
(0.045 0.099 0.01)
(0.046 0.099 0.01)
(0.047 0.099 0.01)
(0.048 0.099 0.01)
(0.049 0.099 0.01)
(0.05 0.099 0.01)
(0.051 0.099 0.01)
(0.052 0.099 0.01)
(0.053 0.099 0.01)
(0.054 0.099 0.01)
(0.055 0.099 0.01)
(0.056 0.099 0.01)
(0.057 0.099 0.01)
(0.058 0.099 0.01)
(0.059 0.099 0.01)
(0.06 0.099 0.01)
(0.061 0.099 0.01)
(0.062 0.099 0.01)
(0.063 0.099 0.01)
(0.064 0.099 0.01)
(0.065 0.099 0.01)
(0.066 0.099 0.01)
(0.067 0.099 0.01)
(0.068 0.099 0.01)
(0.069 0.099 0.01)
(0.07 0.099 0.01)
(0.071 0.099 0.01)
(0.072 0.099 0.01)
(0.073 0.099 0.01)
(0.044 0.1 0.01)
(0.045 0.1 0.01)
(0.046 0.1 0.01)
(0.047 0.1 0.01)
(0.048 0.1 0.01)
(0.049 0.1 0.01)
(0.05 0.1 0.01)
(0.051 0.1 0.01)
(0.052 0.1 0.01)
(0.053 0.1 0.01)
(0.054 0.1 0.01)
(0.055 0.1 0.01)
(0.056 0.1 0.01)
(0.057 0.1 0.01)
(0.058 0.1 0.01)
(0.059 0.1 0.01)
(0.06 0.1 0.01)
(0.061 0.1 0.01)
(0.062 0.1 0.01)
(0.063 0.1 0.01)
(0.064 0.1 0.01)
(0.065 0.1 0.01)
(0.066 0.1 0.01)
(0.067 0.1 0.01)
(0.068 0.1 0.01)
(0.069 0.1 0.01)
(0.07 0.1 0.01)
(0.071 0.1 0.01)
(0.072 0.1 0.01)
(0.073 0.1 0.01)
)


// ************************************************************************* //
