/*--------------------------------*- C++ -*----------------------------------*\
  =========                 |
  \\      /  F ield         | OpenFOAM: The Open Source CFD Toolbox
   \\    /   O peration     | Website:  https://openfoam.org
    \\  /    A nd           | Version:  9
     \\/     M anipulation  |
\*---------------------------------------------------------------------------*/
FoamFile
{
    format      ascii;
    class       labelList;
    note        "nPoints: 2648 nCells: 1250 nFaces: 5073 nInternalFaces: 2427";
    location    "constant/polyMesh";
    object      neighbour;
}
// * * * * * * * * * * * * * * * * * * * * * * * * * * * * * * * * * * * * * //


2427
(
1
29
2
30
3
31
4
32
5
33
6
34
7
35
8
36
9
37
10
38
11
39
12
40
13
41
14
42
15
43
16
44
17
45
18
46
19
47
20
48
21
49
22
50
23
51
24
52
25
53
26
54
27
55
28
56
57
30
58
31
59
32
60
33
61
34
62
35
63
36
64
37
65
38
66
39
67
40
68
41
69
42
70
43
71
44
72
45
73
46
74
47
75
48
76
49
77
50
78
51
79
52
80
53
81
54
82
55
83
56
84
57
85
86
59
87
60
88
61
89
62
90
63
91
64
92
65
93
66
94
67
95
68
96
69
97
70
98
71
99
72
100
73
101
74
102
75
103
76
104
77
105
78
106
79
107
80
108
81
109
82
110
83
111
84
112
85
113
86
114
115
88
116
89
117
90
118
91
119
92
120
93
121
94
122
95
123
96
124
97
125
98
126
99
127
100
128
101
129
102
130
103
131
104
132
105
133
106
134
107
135
108
136
109
137
110
138
111
139
112
140
113
141
114
142
115
143
144
117
145
118
146
119
147
120
148
121
149
122
150
123
151
124
152
125
153
126
154
127
155
128
156
129
157
130
158
131
159
132
160
133
161
134
162
135
163
136
164
137
165
138
166
139
167
140
168
141
169
142
170
143
171
144
172
173
146
174
147
175
148
176
149
177
150
178
151
179
152
180
153
181
154
182
155
183
156
184
157
185
158
186
159
187
160
188
161
189
162
190
163
191
164
192
165
193
166
194
167
195
168
196
169
197
170
198
171
199
172
200
173
201
202
175
203
176
204
177
205
178
206
179
207
180
208
181
209
182
210
183
211
184
212
185
213
186
214
187
215
188
216
189
217
190
218
191
219
192
220
193
221
194
222
195
223
196
224
197
225
198
226
199
227
200
228
201
229
202
230
231
204
232
205
233
206
234
207
235
208
236
209
237
210
238
211
239
212
240
213
241
214
242
215
243
216
244
217
245
218
246
219
247
220
248
221
249
222
250
223
251
224
252
225
253
226
254
227
255
228
256
229
257
230
258
231
259
260
233
261
234
262
235
263
236
264
237
265
238
266
239
267
240
268
241
269
242
270
243
271
244
272
245
273
246
274
247
275
248
276
249
277
250
278
251
279
252
280
253
281
254
282
255
283
256
284
257
285
258
286
259
287
260
288
289
262
290
263
291
264
292
265
293
266
294
267
295
268
296
269
297
270
298
271
299
272
300
273
301
274
302
275
303
276
304
277
305
278
306
279
307
280
308
281
309
282
310
283
311
284
312
285
313
286
314
287
315
288
316
289
317
318
291
319
292
320
293
321
294
322
295
323
296
324
297
325
298
326
299
327
300
328
301
329
302
330
303
331
304
332
305
333
306
334
307
335
308
336
309
337
310
338
311
339
312
340
313
341
314
342
315
343
316
344
317
345
318
346
347
320
348
321
349
322
350
323
351
324
352
325
353
326
354
327
355
328
356
329
357
330
358
331
359
332
360
333
361
334
362
335
363
336
364
337
365
338
366
339
367
340
368
341
369
342
370
343
371
344
372
345
373
346
374
347
375
376
349
377
350
378
351
379
352
380
353
381
354
382
355
383
356
384
357
385
358
386
359
387
360
388
361
389
362
390
363
391
364
392
365
393
366
394
367
395
368
396
369
397
370
398
371
399
372
400
373
401
374
402
375
403
376
404
405
378
406
379
407
380
408
381
409
382
410
383
411
384
412
385
413
386
414
387
415
388
416
389
417
390
418
391
419
392
420
393
421
394
422
395
423
396
424
397
425
398
426
399
427
400
428
401
429
402
430
403
431
404
432
405
433
434
407
435
408
436
409
437
410
438
411
439
412
440
413
441
414
442
415
443
416
444
417
445
418
446
419
447
420
448
421
449
422
450
423
451
424
452
425
453
426
454
427
455
428
456
429
457
430
458
431
459
432
460
433
461
434
462
463
436
464
437
465
438
466
439
467
440
468
441
469
442
470
443
471
444
472
445
473
446
474
447
475
448
476
449
477
450
478
451
479
452
480
453
481
454
482
455
483
456
484
457
485
458
486
459
487
460
488
461
489
462
490
463
491
492
465
493
466
494
467
495
468
496
469
497
470
498
471
499
472
500
473
501
474
502
475
503
476
504
477
505
478
506
479
507
480
508
481
509
482
510
483
511
484
512
485
513
486
514
487
515
488
516
489
517
490
518
491
519
492
520
521
494
522
495
523
496
524
497
525
498
526
499
527
500
528
501
529
502
530
503
531
504
532
505
533
506
534
507
535
508
536
509
537
510
538
511
539
512
540
513
541
514
542
515
543
516
544
517
545
518
546
519
547
520
548
521
549
550
523
551
524
552
525
553
526
554
527
555
528
556
529
557
530
558
531
559
532
560
533
561
534
562
535
563
536
564
537
565
538
566
539
567
540
568
541
569
542
570
543
571
544
572
545
573
546
574
547
575
548
576
549
577
550
578
579
552
580
553
581
554
582
555
583
556
584
557
585
558
586
559
587
560
588
561
589
562
590
563
591
564
592
565
593
566
594
567
595
568
596
569
597
570
598
571
599
572
600
573
601
574
602
575
603
576
604
577
605
578
606
579
607
581
608
582
609
583
610
584
611
585
612
586
613
587
614
588
615
589
616
590
617
591
618
592
619
593
620
594
621
595
622
596
623
597
624
598
625
599
626
600
627
601
628
602
629
603
630
604
631
605
632
606
633
607
634
635
609
636
610
637
611
638
612
639
613
640
614
641
615
642
616
643
617
644
618
645
619
646
620
647
621
648
622
649
623
650
624
651
625
652
626
653
627
654
628
655
629
656
630
657
631
658
632
659
633
660
634
661
635
662
663
637
664
638
665
639
666
640
667
641
668
642
669
643
670
644
671
645
672
646
673
647
674
648
675
649
676
650
677
651
678
652
679
653
680
654
681
655
682
656
683
657
684
658
685
659
686
660
687
661
688
662
689
663
690
691
665
692
666
693
667
694
668
695
669
696
670
697
671
698
672
699
673
700
674
701
675
702
676
703
677
704
678
705
679
706
680
707
681
708
682
709
683
710
684
711
685
712
686
713
687
714
688
715
689
716
690
717
691
718
719
693
720
694
721
695
722
696
723
697
724
698
725
699
726
700
727
701
728
702
729
703
730
704
731
705
732
706
733
707
734
708
735
709
736
710
737
711
738
712
739
713
740
714
741
715
742
716
743
717
744
718
745
719
746
747
721
748
722
749
723
750
724
751
725
752
726
753
727
754
728
755
729
756
730
757
731
758
732
759
733
760
734
761
735
762
736
763
737
764
738
765
739
766
740
767
741
768
742
769
743
770
744
771
745
772
746
773
747
774
775
749
776
750
777
751
778
752
779
753
780
754
781
755
782
756
783
757
784
758
785
759
786
760
787
761
788
762
789
763
790
764
791
765
792
766
793
767
794
768
795
769
796
770
797
771
798
772
799
773
800
774
801
775
802
803
777
804
778
805
779
806
780
807
781
808
782
809
783
810
784
811
785
812
786
813
787
814
788
815
789
816
790
817
791
818
792
819
793
820
794
821
795
822
796
823
797
824
798
825
799
826
800
827
801
828
802
829
803
830
831
805
832
806
833
807
834
808
835
809
836
810
837
811
838
812
839
813
840
814
841
815
842
816
843
817
844
818
845
819
846
820
847
821
848
822
849
823
850
824
851
825
852
826
853
827
854
828
855
829
856
830
857
831
858
859
833
860
834
861
835
862
836
863
837
864
838
865
839
866
840
867
841
868
842
869
843
870
844
871
845
872
846
873
847
874
848
875
849
876
850
877
851
878
852
879
853
880
854
881
855
882
856
883
857
884
858
885
859
886
887
861
888
862
889
863
890
864
891
865
892
866
893
867
894
868
895
869
896
870
897
871
898
872
899
873
900
874
901
875
902
876
903
877
904
878
905
879
906
880
907
881
908
882
909
883
910
884
911
885
912
886
913
887
914
915
889
916
890
917
891
918
892
919
893
920
894
921
895
922
896
923
897
924
898
925
899
926
900
927
901
928
902
929
903
930
904
931
905
932
906
933
907
934
908
935
909
936
910
937
911
938
912
939
913
940
914
941
915
942
943
917
944
918
945
919
946
920
947
921
948
922
949
923
950
924
951
925
952
926
953
927
954
928
955
929
956
930
957
931
958
932
959
933
960
934
961
935
962
936
963
937
964
938
965
939
966
940
967
941
968
942
969
943
970
971
945
972
946
973
947
974
948
975
949
976
950
977
951
978
952
979
953
980
954
981
955
982
956
983
957
984
958
985
959
986
960
987
961
988
962
989
963
990
964
991
965
992
966
993
967
994
968
995
969
996
970
997
971
998
999
973
1000
974
1001
975
1002
976
1003
977
1004
978
1005
979
1006
980
1007
981
1008
982
1009
983
1010
984
1011
985
1012
986
1013
987
1014
988
1015
989
1016
990
1017
991
1018
992
1019
993
1020
994
1021
995
1022
996
1023
997
1024
998
1025
999
1026
1027
1001
1028
1002
1029
1003
1030
1004
1031
1005
1032
1006
1033
1007
1034
1008
1035
1009
1036
1010
1037
1011
1038
1012
1039
1013
1040
1014
1041
1015
1042
1016
1043
1017
1044
1018
1045
1019
1046
1020
1047
1021
1048
1022
1049
1023
1050
1024
1051
1025
1052
1026
1053
1027
1054
1055
1029
1056
1030
1057
1031
1058
1032
1059
1033
1060
1034
1061
1035
1062
1036
1063
1037
1064
1038
1065
1039
1066
1040
1067
1041
1068
1042
1069
1043
1070
1044
1071
1045
1072
1046
1073
1047
1074
1048
1075
1049
1076
1050
1077
1051
1078
1052
1079
1053
1080
1054
1081
1055
1082
1083
1057
1084
1058
1085
1059
1086
1060
1087
1061
1088
1062
1089
1063
1090
1064
1091
1065
1092
1066
1093
1067
1094
1068
1095
1069
1096
1070
1097
1071
1098
1072
1099
1073
1100
1074
1101
1075
1102
1076
1103
1077
1104
1078
1105
1079
1106
1080
1107
1081
1108
1082
1109
1083
1110
1111
1085
1112
1086
1113
1087
1114
1088
1115
1089
1116
1090
1117
1091
1118
1092
1119
1093
1120
1094
1121
1095
1122
1096
1123
1097
1124
1098
1125
1099
1126
1100
1127
1101
1128
1102
1129
1103
1130
1104
1131
1105
1132
1106
1133
1107
1134
1108
1135
1109
1136
1110
1137
1111
1138
1139
1113
1140
1114
1141
1115
1142
1116
1143
1117
1144
1118
1145
1119
1146
1120
1147
1121
1148
1122
1149
1123
1150
1124
1151
1125
1152
1126
1153
1127
1154
1128
1155
1129
1156
1130
1157
1131
1158
1132
1159
1133
1160
1134
1161
1135
1162
1136
1163
1137
1164
1138
1165
1139
1166
1167
1141
1168
1142
1169
1143
1170
1144
1171
1145
1172
1146
1173
1147
1174
1148
1175
1149
1176
1150
1177
1151
1178
1152
1179
1153
1180
1154
1181
1155
1182
1156
1183
1157
1184
1158
1185
1159
1186
1160
1187
1161
1188
1162
1189
1163
1190
1164
1191
1165
1192
1166
1193
1167
1194
1195
1169
1196
1170
1197
1171
1198
1172
1199
1173
1200
1174
1201
1175
1202
1176
1203
1177
1204
1178
1205
1179
1206
1180
1207
1181
1208
1182
1209
1183
1210
1184
1211
1185
1212
1186
1213
1187
1214
1188
1215
1189
1216
1190
1217
1191
1218
1192
1219
1193
1220
1194
1221
1195
1222
1223
1197
1198
1199
1224
1200
1225
1201
1226
1202
1227
1203
1228
1204
1229
1205
1230
1206
1231
1207
1232
1208
1233
1209
1234
1210
1235
1211
1236
1212
1237
1213
1238
1214
1239
1215
1240
1216
1241
1217
1242
1218
1243
1219
1244
1220
1245
1221
1246
1222
1247
1223
1248
1249
1225
1226
1227
1228
1229
1230
1231
1232
1233
1234
1235
1236
1237
1238
1239
1240
1241
1242
1243
1244
1245
1246
1247
1248
1249
)


// ************************************************************************* //
