/*--------------------------------*- C++ -*----------------------------------*\
  =========                 |
  \\      /  F ield         | OpenFOAM: The Open Source CFD Toolbox
   \\    /   O peration     | Website:  https://openfoam.org
    \\  /    A nd           | Version:  9
     \\/     M anipulation  |
\*---------------------------------------------------------------------------*/
FoamFile
{
    format      ascii;
    class       labelList;
    note        "nPoints: 2658 nCells: 1250 nFaces: 5078 nInternalFaces: 2422";
    location    "constant/polyMesh";
    object      neighbour;
}
// * * * * * * * * * * * * * * * * * * * * * * * * * * * * * * * * * * * * * //


2422
(
1
2
3
3
36
4
37
5
38
6
39
7
40
8
41
9
42
10
43
11
44
12
45
13
46
14
47
15
48
16
49
17
50
18
51
19
52
20
53
21
54
22
55
23
56
24
57
25
58
26
59
27
60
28
61
29
62
30
63
31
64
32
65
33
66
34
67
35
68
69
37
79
38
80
39
81
40
82
41
83
42
84
43
85
44
86
45
87
46
88
47
89
48
90
49
91
50
92
51
93
52
94
53
95
54
96
55
97
56
98
57
99
58
100
59
101
60
102
61
103
62
104
63
105
64
106
65
107
66
108
67
109
68
110
69
111
70
112
71
113
72
114
73
115
74
116
75
117
76
118
77
119
78
120
121
80
128
81
129
82
130
83
131
84
132
85
133
86
134
87
135
88
136
89
137
90
138
91
139
92
140
93
141
94
142
95
143
96
144
97
145
98
146
99
147
100
148
101
149
102
150
103
151
104
152
105
153
106
154
107
155
108
156
109
157
110
158
111
159
112
160
113
161
114
162
115
163
116
164
117
165
118
166
119
167
120
168
121
169
122
170
123
171
124
172
125
173
126
174
127
175
176
129
177
130
178
131
179
132
180
133
181
134
182
135
183
136
184
137
185
138
186
139
187
140
188
141
189
142
190
143
191
144
192
145
193
146
194
147
195
148
196
149
197
150
198
151
199
152
200
153
201
154
202
155
203
156
204
157
205
158
206
159
207
160
208
161
209
162
210
163
211
164
212
165
213
166
214
167
215
168
216
169
217
170
218
171
219
172
220
173
221
174
222
175
223
176
224
225
178
226
179
227
180
228
181
229
182
230
183
231
184
232
185
233
186
234
187
235
188
236
189
237
190
238
191
239
192
240
193
241
194
242
195
243
196
244
197
245
198
246
199
247
200
248
201
249
202
250
203
251
204
252
205
253
206
254
207
255
208
256
209
257
210
258
211
259
212
260
213
261
214
262
215
263
216
264
217
265
218
266
219
267
220
268
221
269
222
270
223
271
224
272
225
273
274
227
275
228
276
229
277
230
278
231
279
232
280
233
281
234
282
235
283
236
284
237
285
238
286
239
287
240
288
241
289
242
290
243
291
244
292
245
293
246
294
247
295
248
296
249
297
250
298
251
299
252
300
253
301
254
302
255
303
256
304
257
305
258
306
259
307
260
308
261
309
262
310
263
311
264
312
265
313
266
314
267
315
268
316
269
317
270
318
271
319
272
320
273
321
274
322
323
276
324
277
325
278
326
279
327
280
328
281
329
282
330
283
331
284
332
285
333
286
334
287
335
288
336
289
337
290
338
291
339
292
340
293
341
294
342
295
343
296
344
297
345
298
346
299
347
300
348
301
349
302
350
303
351
304
352
305
353
306
354
307
355
308
356
309
357
310
358
311
359
312
360
313
361
314
362
315
363
316
364
317
365
318
366
319
367
320
368
321
369
322
370
323
371
372
325
373
326
374
327
375
328
376
329
377
330
378
331
379
332
380
333
381
334
382
335
383
336
384
337
385
338
386
339
387
340
388
341
389
342
390
343
391
344
392
345
393
346
394
347
395
348
396
349
397
350
398
351
399
352
400
353
401
354
402
355
403
356
404
357
405
358
406
359
407
360
408
361
409
362
410
363
411
364
412
365
413
366
414
367
415
368
416
369
417
370
418
371
419
372
420
421
374
422
375
423
376
424
377
425
378
426
379
427
380
428
381
429
382
430
383
431
384
432
385
433
386
434
387
435
388
436
389
437
390
438
391
439
392
440
393
441
394
442
395
443
396
444
397
445
398
446
399
447
400
448
401
449
402
450
403
451
404
452
405
453
406
454
407
455
408
456
409
457
410
458
411
459
412
460
413
461
414
462
415
463
416
464
417
465
418
466
419
467
420
468
421
469
470
423
471
424
472
425
473
426
474
427
475
428
476
429
477
430
478
431
479
432
480
433
481
434
482
435
483
436
484
437
485
438
486
439
487
440
488
441
489
442
490
443
491
444
492
445
493
446
494
447
495
448
496
449
497
450
498
451
499
452
500
453
501
454
502
455
503
456
504
457
505
458
506
459
507
460
508
461
509
462
510
463
511
464
512
465
513
466
514
467
515
468
516
469
517
470
518
519
472
520
473
521
474
522
475
523
476
524
477
525
478
526
479
527
480
528
481
529
482
530
483
531
484
532
485
533
486
534
487
535
488
536
489
537
490
538
491
539
492
540
493
541
494
542
495
543
496
544
497
545
498
546
499
547
500
548
501
549
502
550
503
551
504
552
505
553
506
554
507
555
508
556
509
557
510
558
511
559
512
560
513
561
514
562
515
563
516
517
518
519
521
564
522
565
523
566
524
567
525
568
526
569
527
570
528
571
529
572
530
573
531
574
532
575
533
576
534
577
535
578
536
579
537
580
538
581
539
582
540
583
541
584
542
585
543
586
544
587
545
588
546
589
547
590
548
591
549
592
550
593
551
594
552
595
553
596
554
597
555
598
556
599
557
600
558
601
559
602
560
603
561
604
562
605
563
606
607
565
608
566
609
567
610
568
611
569
612
570
613
571
614
572
615
573
616
574
617
575
618
576
619
577
620
578
621
579
622
580
623
581
624
582
625
583
626
584
627
585
628
586
629
587
630
588
631
589
632
590
633
591
634
592
635
593
636
594
637
595
638
596
639
597
640
598
641
599
642
600
643
601
644
602
645
603
646
604
647
605
648
606
649
607
650
651
609
652
610
653
611
654
612
655
613
656
614
657
615
658
616
659
617
660
618
661
619
662
620
663
621
664
622
665
623
666
624
667
625
668
626
669
627
670
628
671
629
672
630
673
631
674
632
675
633
676
634
677
635
678
636
679
637
680
638
681
639
682
640
683
641
684
642
685
643
686
644
687
645
688
646
689
647
690
648
691
649
692
650
693
651
694
695
653
696
654
697
655
698
656
699
657
700
658
701
659
702
660
703
661
704
662
705
663
706
664
707
665
708
666
709
667
710
668
711
669
712
670
713
671
714
672
715
673
716
674
717
675
718
676
719
677
720
678
721
679
722
680
723
681
724
682
725
683
726
684
727
685
728
686
729
687
730
688
731
689
732
690
733
691
734
692
735
693
736
694
737
695
738
739
697
740
698
741
699
742
700
743
701
744
702
745
703
746
704
747
705
748
706
749
707
750
708
751
709
752
710
753
711
754
712
755
713
756
714
757
715
758
716
759
717
760
718
761
719
762
720
763
721
764
722
765
723
766
724
767
725
768
726
769
727
770
728
771
729
772
730
773
731
774
732
775
733
776
734
777
735
778
736
779
737
780
738
781
739
782
783
741
784
742
785
743
786
744
787
745
788
746
789
747
790
748
791
749
792
750
793
751
794
752
795
753
796
754
797
755
798
756
799
757
800
758
801
759
802
760
803
761
804
762
805
763
806
764
807
765
808
766
809
767
810
768
811
769
812
770
813
771
814
772
815
773
816
774
817
775
818
776
819
777
820
778
821
779
822
780
823
781
824
782
825
783
826
827
785
828
786
829
787
830
788
831
789
832
790
833
791
834
792
835
793
836
794
837
795
838
796
839
797
840
798
841
799
842
800
843
801
844
802
845
803
846
804
847
805
848
806
849
807
850
808
851
809
852
810
853
811
854
812
855
813
856
814
857
815
858
816
859
817
860
818
861
819
862
820
863
821
864
822
865
823
866
824
867
825
868
826
869
827
870
871
829
872
830
873
831
874
832
875
833
876
834
877
835
878
836
879
837
880
838
881
839
882
840
883
841
884
842
885
843
886
844
887
845
888
846
889
847
890
848
891
849
892
850
893
851
894
852
895
853
896
854
897
855
898
856
899
857
900
858
901
859
902
860
903
861
904
862
905
863
906
864
907
865
908
866
909
867
910
868
911
869
912
870
913
871
914
915
873
916
874
917
875
918
876
919
877
920
878
921
879
922
880
923
881
924
882
925
883
926
884
927
885
928
886
929
887
930
888
931
889
932
890
933
891
934
892
935
893
936
894
937
895
938
896
939
897
940
898
941
899
942
900
943
901
944
902
945
903
946
904
947
905
948
906
949
907
950
908
951
909
952
910
953
911
954
912
955
913
956
914
957
915
958
959
917
960
918
961
919
962
920
963
921
964
922
965
923
966
924
967
925
968
926
969
927
970
928
971
929
972
930
973
931
974
932
975
933
976
934
977
935
978
936
979
937
980
938
981
939
982
940
983
941
984
942
985
943
986
944
987
945
988
946
989
947
990
948
991
949
992
950
993
951
994
952
995
953
996
954
997
955
998
956
999
957
1000
958
1001
959
1002
1003
961
1004
962
1005
963
1006
964
1007
965
1008
966
1009
967
1010
968
1011
969
1012
970
1013
971
1014
972
1015
973
1016
974
1017
975
1018
976
1019
977
1020
978
1021
979
1022
980
1023
981
1024
982
1025
983
1026
984
1027
985
1028
986
1029
987
1030
988
1031
989
1032
990
1033
991
1034
992
1035
993
1036
994
1037
995
1038
996
1039
997
1040
998
1041
999
1042
1000
1043
1001
1044
1002
1045
1003
1046
1047
1005
1048
1006
1049
1007
1050
1008
1051
1009
1052
1010
1053
1011
1054
1012
1055
1013
1056
1014
1057
1015
1058
1016
1059
1017
1060
1018
1061
1019
1062
1020
1063
1021
1064
1022
1065
1023
1066
1024
1067
1025
1068
1026
1069
1027
1070
1028
1071
1029
1072
1030
1073
1031
1074
1032
1075
1033
1076
1034
1077
1035
1078
1036
1079
1037
1080
1038
1081
1039
1082
1040
1083
1041
1084
1042
1085
1043
1086
1044
1087
1045
1088
1046
1089
1047
1090
1091
1049
1092
1050
1093
1051
1094
1052
1095
1053
1096
1054
1097
1055
1098
1056
1099
1057
1100
1058
1101
1059
1102
1060
1103
1061
1104
1062
1105
1063
1106
1064
1107
1065
1108
1066
1109
1067
1110
1068
1111
1069
1112
1070
1113
1071
1114
1072
1115
1073
1116
1074
1117
1075
1118
1076
1119
1077
1120
1078
1121
1079
1122
1080
1123
1081
1124
1082
1125
1083
1126
1084
1127
1085
1128
1086
1129
1087
1130
1088
1131
1089
1132
1090
1133
1091
1134
1135
1093
1136
1094
1137
1095
1138
1096
1139
1097
1140
1098
1141
1099
1142
1100
1143
1101
1144
1102
1145
1103
1146
1104
1147
1105
1148
1106
1149
1107
1150
1108
1151
1109
1152
1110
1153
1111
1154
1112
1155
1113
1156
1114
1157
1115
1158
1116
1159
1117
1160
1118
1161
1119
1162
1120
1163
1121
1164
1122
1165
1123
1166
1124
1167
1125
1168
1126
1169
1127
1170
1128
1171
1129
1172
1130
1173
1131
1174
1132
1175
1133
1176
1134
1177
1135
1178
1179
1137
1180
1138
1181
1139
1182
1140
1183
1141
1184
1142
1185
1143
1186
1144
1187
1145
1188
1146
1189
1147
1190
1148
1191
1149
1192
1150
1193
1151
1194
1152
1195
1153
1196
1154
1197
1155
1198
1156
1199
1157
1200
1158
1201
1159
1202
1160
1203
1161
1204
1162
1205
1163
1206
1164
1207
1165
1208
1166
1209
1167
1210
1168
1211
1169
1212
1170
1213
1171
1214
1172
1215
1173
1216
1174
1217
1175
1218
1176
1219
1177
1220
1178
1221
1179
1222
1223
1181
1224
1182
1225
1183
1226
1184
1227
1185
1228
1186
1229
1187
1230
1188
1231
1189
1232
1190
1233
1191
1234
1192
1235
1193
1236
1194
1237
1195
1238
1196
1239
1197
1240
1198
1241
1199
1242
1200
1243
1201
1244
1202
1245
1203
1246
1204
1247
1205
1248
1206
1249
1207
1208
1209
1210
1211
1212
1213
1214
1215
1216
1217
1218
1219
1220
1221
1222
1223
1225
1226
1227
1228
1229
1230
1231
1232
1233
1234
1235
1236
1237
1238
1239
1240
1241
1242
1243
1244
1245
1246
1247
1248
1249
)


// ************************************************************************* //
