/*--------------------------------*- C++ -*----------------------------------*\
  =========                 |
  \\      /  F ield         | OpenFOAM: The Open Source CFD Toolbox
   \\    /   O peration     | Website:  https://openfoam.org
    \\  /    A nd           | Version:  9
     \\/     M anipulation  |
\*---------------------------------------------------------------------------*/
FoamFile
{
    format      ascii;
    class       vectorField;
    location    "constant/polyMesh";
    object      points;
}
// * * * * * * * * * * * * * * * * * * * * * * * * * * * * * * * * * * * * * //


2658
(
(0 0.043 0)
(0.001 0.043 0)
(0.002 0.043 0)
(0 0.044 0)
(0.001 0.044 0)
(0.002 0.044 0)
(0.003 0.044 0)
(0.004 0.044 0)
(0.005 0.044 0)
(0.006 0.044 0)
(0.007 0.044 0)
(0.008 0.044 0)
(0.009 0.044 0)
(0.01 0.044 0)
(0.011 0.044 0)
(0.012 0.044 0)
(0.013 0.044 0)
(0.014 0.044 0)
(0.015 0.044 0)
(0.016 0.044 0)
(0.017 0.044 0)
(0.018 0.044 0)
(0.019 0.044 0)
(0.02 0.044 0)
(0.021 0.044 0)
(0.022 0.044 0)
(0.023 0.044 0)
(0.024 0.044 0)
(0.025 0.044 0)
(0.026 0.044 0)
(0.027 0.044 0)
(0.028 0.044 0)
(0.029 0.044 0)
(0.03 0.044 0)
(0.031 0.044 0)
(0.032 0.044 0)
(0.033 0.044 0)
(0.034 0.044 0)
(0 0.045 0)
(0.001 0.045 0)
(0.002 0.045 0)
(0.003 0.045 0)
(0.004 0.045 0)
(0.005 0.045 0)
(0.006 0.045 0)
(0.007 0.045 0)
(0.008 0.045 0)
(0.009 0.045 0)
(0.01 0.045 0)
(0.011 0.045 0)
(0.012 0.045 0)
(0.013 0.045 0)
(0.014 0.045 0)
(0.015 0.045 0)
(0.016 0.045 0)
(0.017 0.045 0)
(0.018 0.045 0)
(0.019 0.045 0)
(0.02 0.045 0)
(0.021 0.045 0)
(0.022 0.045 0)
(0.023 0.045 0)
(0.024 0.045 0)
(0.025 0.045 0)
(0.026 0.045 0)
(0.027 0.045 0)
(0.028 0.045 0)
(0.029 0.045 0)
(0.03 0.045 0)
(0.031 0.045 0)
(0.032 0.045 0)
(0.033 0.045 0)
(0.034 0.045 0)
(0.035 0.045 0)
(0.036 0.045 0)
(0.037 0.045 0)
(0.038 0.045 0)
(0.039 0.045 0)
(0.04 0.045 0)
(0.041 0.045 0)
(0.042 0.045 0)
(0.043 0.045 0)
(0 0.046 0)
(0.001 0.046 0)
(0.002 0.046 0)
(0.003 0.046 0)
(0.004 0.046 0)
(0.005 0.046 0)
(0.006 0.046 0)
(0.007 0.046 0)
(0.008 0.046 0)
(0.009 0.046 0)
(0.01 0.046 0)
(0.011 0.046 0)
(0.012 0.046 0)
(0.013 0.046 0)
(0.014 0.046 0)
(0.015 0.046 0)
(0.016 0.046 0)
(0.017 0.046 0)
(0.018 0.046 0)
(0.019 0.046 0)
(0.02 0.046 0)
(0.021 0.046 0)
(0.022 0.046 0)
(0.023 0.046 0)
(0.024 0.046 0)
(0.025 0.046 0)
(0.026 0.046 0)
(0.027 0.046 0)
(0.028 0.046 0)
(0.029 0.046 0)
(0.03 0.046 0)
(0.031 0.046 0)
(0.032 0.046 0)
(0.033 0.046 0)
(0.034 0.046 0)
(0.035 0.046 0)
(0.036 0.046 0)
(0.037 0.046 0)
(0.038 0.046 0)
(0.039 0.046 0)
(0.04 0.046 0)
(0.041 0.046 0)
(0.042 0.046 0)
(0.043 0.046 0)
(0.044 0.046 0)
(0.045 0.046 0)
(0.046 0.046 0)
(0.047 0.046 0)
(0.048 0.046 0)
(0.049 0.046 0)
(0 0.047 0)
(0.001 0.047 0)
(0.002 0.047 0)
(0.003 0.047 0)
(0.004 0.047 0)
(0.005 0.047 0)
(0.006 0.047 0)
(0.007 0.047 0)
(0.008 0.047 0)
(0.009 0.047 0)
(0.01 0.047 0)
(0.011 0.047 0)
(0.012 0.047 0)
(0.013 0.047 0)
(0.014 0.047 0)
(0.015 0.047 0)
(0.016 0.047 0)
(0.017 0.047 0)
(0.018 0.047 0)
(0.019 0.047 0)
(0.02 0.047 0)
(0.021 0.047 0)
(0.022 0.047 0)
(0.023 0.047 0)
(0.024 0.047 0)
(0.025 0.047 0)
(0.026 0.047 0)
(0.027 0.047 0)
(0.028 0.047 0)
(0.029 0.047 0)
(0.03 0.047 0)
(0.031 0.047 0)
(0.032 0.047 0)
(0.033 0.047 0)
(0.034 0.047 0)
(0.035 0.047 0)
(0.036 0.047 0)
(0.037 0.047 0)
(0.038 0.047 0)
(0.039 0.047 0)
(0.04 0.047 0)
(0.041 0.047 0)
(0.042 0.047 0)
(0.043 0.047 0)
(0.044 0.047 0)
(0.045 0.047 0)
(0.046 0.047 0)
(0.047 0.047 0)
(0.048 0.047 0)
(0.049 0.047 0)
(0 0.048 0)
(0.001 0.048 0)
(0.002 0.048 0)
(0.003 0.048 0)
(0.004 0.048 0)
(0.005 0.048 0)
(0.006 0.048 0)
(0.007 0.048 0)
(0.008 0.048 0)
(0.009 0.048 0)
(0.01 0.048 0)
(0.011 0.048 0)
(0.012 0.048 0)
(0.013 0.048 0)
(0.014 0.048 0)
(0.015 0.048 0)
(0.016 0.048 0)
(0.017 0.048 0)
(0.018 0.048 0)
(0.019 0.048 0)
(0.02 0.048 0)
(0.021 0.048 0)
(0.022 0.048 0)
(0.023 0.048 0)
(0.024 0.048 0)
(0.025 0.048 0)
(0.026 0.048 0)
(0.027 0.048 0)
(0.028 0.048 0)
(0.029 0.048 0)
(0.03 0.048 0)
(0.031 0.048 0)
(0.032 0.048 0)
(0.033 0.048 0)
(0.034 0.048 0)
(0.035 0.048 0)
(0.036 0.048 0)
(0.037 0.048 0)
(0.038 0.048 0)
(0.039 0.048 0)
(0.04 0.048 0)
(0.041 0.048 0)
(0.042 0.048 0)
(0.043 0.048 0)
(0.044 0.048 0)
(0.045 0.048 0)
(0.046 0.048 0)
(0.047 0.048 0)
(0.048 0.048 0)
(0.049 0.048 0)
(0 0.049 0)
(0.001 0.049 0)
(0.002 0.049 0)
(0.003 0.049 0)
(0.004 0.049 0)
(0.005 0.049 0)
(0.006 0.049 0)
(0.007 0.049 0)
(0.008 0.049 0)
(0.009 0.049 0)
(0.01 0.049 0)
(0.011 0.049 0)
(0.012 0.049 0)
(0.013 0.049 0)
(0.014 0.049 0)
(0.015 0.049 0)
(0.016 0.049 0)
(0.017 0.049 0)
(0.018 0.049 0)
(0.019 0.049 0)
(0.02 0.049 0)
(0.021 0.049 0)
(0.022 0.049 0)
(0.023 0.049 0)
(0.024 0.049 0)
(0.025 0.049 0)
(0.026 0.049 0)
(0.027 0.049 0)
(0.028 0.049 0)
(0.029 0.049 0)
(0.03 0.049 0)
(0.031 0.049 0)
(0.032 0.049 0)
(0.033 0.049 0)
(0.034 0.049 0)
(0.035 0.049 0)
(0.036 0.049 0)
(0.037 0.049 0)
(0.038 0.049 0)
(0.039 0.049 0)
(0.04 0.049 0)
(0.041 0.049 0)
(0.042 0.049 0)
(0.043 0.049 0)
(0.044 0.049 0)
(0.045 0.049 0)
(0.046 0.049 0)
(0.047 0.049 0)
(0.048 0.049 0)
(0.049 0.049 0)
(0 0.05 0)
(0.001 0.05 0)
(0.002 0.05 0)
(0.003 0.05 0)
(0.004 0.05 0)
(0.005 0.05 0)
(0.006 0.05 0)
(0.007 0.05 0)
(0.008 0.05 0)
(0.009 0.05 0)
(0.01 0.05 0)
(0.011 0.05 0)
(0.012 0.05 0)
(0.013 0.05 0)
(0.014 0.05 0)
(0.015 0.05 0)
(0.016 0.05 0)
(0.017 0.05 0)
(0.018 0.05 0)
(0.019 0.05 0)
(0.02 0.05 0)
(0.021 0.05 0)
(0.022 0.05 0)
(0.023 0.05 0)
(0.024 0.05 0)
(0.025 0.05 0)
(0.026 0.05 0)
(0.027 0.05 0)
(0.028 0.05 0)
(0.029 0.05 0)
(0.03 0.05 0)
(0.031 0.05 0)
(0.032 0.05 0)
(0.033 0.05 0)
(0.034 0.05 0)
(0.035 0.05 0)
(0.036 0.05 0)
(0.037 0.05 0)
(0.038 0.05 0)
(0.039 0.05 0)
(0.04 0.05 0)
(0.041 0.05 0)
(0.042 0.05 0)
(0.043 0.05 0)
(0.044 0.05 0)
(0.045 0.05 0)
(0.046 0.05 0)
(0.047 0.05 0)
(0.048 0.05 0)
(0.049 0.05 0)
(0 0.051 0)
(0.001 0.051 0)
(0.002 0.051 0)
(0.003 0.051 0)
(0.004 0.051 0)
(0.005 0.051 0)
(0.006 0.051 0)
(0.007 0.051 0)
(0.008 0.051 0)
(0.009 0.051 0)
(0.01 0.051 0)
(0.011 0.051 0)
(0.012 0.051 0)
(0.013 0.051 0)
(0.014 0.051 0)
(0.015 0.051 0)
(0.016 0.051 0)
(0.017 0.051 0)
(0.018 0.051 0)
(0.019 0.051 0)
(0.02 0.051 0)
(0.021 0.051 0)
(0.022 0.051 0)
(0.023 0.051 0)
(0.024 0.051 0)
(0.025 0.051 0)
(0.026 0.051 0)
(0.027 0.051 0)
(0.028 0.051 0)
(0.029 0.051 0)
(0.03 0.051 0)
(0.031 0.051 0)
(0.032 0.051 0)
(0.033 0.051 0)
(0.034 0.051 0)
(0.035 0.051 0)
(0.036 0.051 0)
(0.037 0.051 0)
(0.038 0.051 0)
(0.039 0.051 0)
(0.04 0.051 0)
(0.041 0.051 0)
(0.042 0.051 0)
(0.043 0.051 0)
(0.044 0.051 0)
(0.045 0.051 0)
(0.046 0.051 0)
(0.047 0.051 0)
(0.048 0.051 0)
(0.049 0.051 0)
(0 0.052 0)
(0.001 0.052 0)
(0.002 0.052 0)
(0.003 0.052 0)
(0.004 0.052 0)
(0.005 0.052 0)
(0.006 0.052 0)
(0.007 0.052 0)
(0.008 0.052 0)
(0.009 0.052 0)
(0.01 0.052 0)
(0.011 0.052 0)
(0.012 0.052 0)
(0.013 0.052 0)
(0.014 0.052 0)
(0.015 0.052 0)
(0.016 0.052 0)
(0.017 0.052 0)
(0.018 0.052 0)
(0.019 0.052 0)
(0.02 0.052 0)
(0.021 0.052 0)
(0.022 0.052 0)
(0.023 0.052 0)
(0.024 0.052 0)
(0.025 0.052 0)
(0.026 0.052 0)
(0.027 0.052 0)
(0.028 0.052 0)
(0.029 0.052 0)
(0.03 0.052 0)
(0.031 0.052 0)
(0.032 0.052 0)
(0.033 0.052 0)
(0.034 0.052 0)
(0.035 0.052 0)
(0.036 0.052 0)
(0.037 0.052 0)
(0.038 0.052 0)
(0.039 0.052 0)
(0.04 0.052 0)
(0.041 0.052 0)
(0.042 0.052 0)
(0.043 0.052 0)
(0.044 0.052 0)
(0.045 0.052 0)
(0.046 0.052 0)
(0.047 0.052 0)
(0.048 0.052 0)
(0.049 0.052 0)
(0 0.053 0)
(0.001 0.053 0)
(0.002 0.053 0)
(0.003 0.053 0)
(0.004 0.053 0)
(0.005 0.053 0)
(0.006 0.053 0)
(0.007 0.053 0)
(0.008 0.053 0)
(0.009 0.053 0)
(0.01 0.053 0)
(0.011 0.053 0)
(0.012 0.053 0)
(0.013 0.053 0)
(0.014 0.053 0)
(0.015 0.053 0)
(0.016 0.053 0)
(0.017 0.053 0)
(0.018 0.053 0)
(0.019 0.053 0)
(0.02 0.053 0)
(0.021 0.053 0)
(0.022 0.053 0)
(0.023 0.053 0)
(0.024 0.053 0)
(0.025 0.053 0)
(0.026 0.053 0)
(0.027 0.053 0)
(0.028 0.053 0)
(0.029 0.053 0)
(0.03 0.053 0)
(0.031 0.053 0)
(0.032 0.053 0)
(0.033 0.053 0)
(0.034 0.053 0)
(0.035 0.053 0)
(0.036 0.053 0)
(0.037 0.053 0)
(0.038 0.053 0)
(0.039 0.053 0)
(0.04 0.053 0)
(0.041 0.053 0)
(0.042 0.053 0)
(0.043 0.053 0)
(0.044 0.053 0)
(0.045 0.053 0)
(0.046 0.053 0)
(0.047 0.053 0)
(0.048 0.053 0)
(0.049 0.053 0)
(0 0.054 0)
(0.001 0.054 0)
(0.002 0.054 0)
(0.003 0.054 0)
(0.004 0.054 0)
(0.005 0.054 0)
(0.006 0.054 0)
(0.007 0.054 0)
(0.008 0.054 0)
(0.009 0.054 0)
(0.01 0.054 0)
(0.011 0.054 0)
(0.012 0.054 0)
(0.013 0.054 0)
(0.014 0.054 0)
(0.015 0.054 0)
(0.016 0.054 0)
(0.017 0.054 0)
(0.018 0.054 0)
(0.019 0.054 0)
(0.02 0.054 0)
(0.021 0.054 0)
(0.022 0.054 0)
(0.023 0.054 0)
(0.024 0.054 0)
(0.025 0.054 0)
(0.026 0.054 0)
(0.027 0.054 0)
(0.028 0.054 0)
(0.029 0.054 0)
(0.03 0.054 0)
(0.031 0.054 0)
(0.032 0.054 0)
(0.033 0.054 0)
(0.034 0.054 0)
(0.035 0.054 0)
(0.036 0.054 0)
(0.037 0.054 0)
(0.038 0.054 0)
(0.039 0.054 0)
(0.04 0.054 0)
(0.041 0.054 0)
(0.042 0.054 0)
(0.043 0.054 0)
(0.044 0.054 0)
(0.045 0.054 0)
(0.046 0.054 0)
(0.047 0.054 0)
(0.048 0.054 0)
(0.049 0.054 0)
(0 0.055 0)
(0.001 0.055 0)
(0.002 0.055 0)
(0.003 0.055 0)
(0.004 0.055 0)
(0.005 0.055 0)
(0.006 0.055 0)
(0.007 0.055 0)
(0.008 0.055 0)
(0.009 0.055 0)
(0.01 0.055 0)
(0.011 0.055 0)
(0.012 0.055 0)
(0.013 0.055 0)
(0.014 0.055 0)
(0.015 0.055 0)
(0.016 0.055 0)
(0.017 0.055 0)
(0.018 0.055 0)
(0.019 0.055 0)
(0.02 0.055 0)
(0.021 0.055 0)
(0.022 0.055 0)
(0.023 0.055 0)
(0.024 0.055 0)
(0.025 0.055 0)
(0.026 0.055 0)
(0.027 0.055 0)
(0.028 0.055 0)
(0.029 0.055 0)
(0.03 0.055 0)
(0.031 0.055 0)
(0.032 0.055 0)
(0.033 0.055 0)
(0.034 0.055 0)
(0.035 0.055 0)
(0.036 0.055 0)
(0.037 0.055 0)
(0.038 0.055 0)
(0.039 0.055 0)
(0.04 0.055 0)
(0.041 0.055 0)
(0.042 0.055 0)
(0.043 0.055 0)
(0.044 0.055 0)
(0.045 0.055 0)
(0.046 0.055 0)
(0.047 0.055 0)
(0.048 0.055 0)
(0.049 0.055 0)
(0 0.056 0)
(0.001 0.056 0)
(0.002 0.056 0)
(0.003 0.056 0)
(0.004 0.056 0)
(0.005 0.056 0)
(0.006 0.056 0)
(0.007 0.056 0)
(0.008 0.056 0)
(0.009 0.056 0)
(0.01 0.056 0)
(0.011 0.056 0)
(0.012 0.056 0)
(0.013 0.056 0)
(0.014 0.056 0)
(0.015 0.056 0)
(0.016 0.056 0)
(0.017 0.056 0)
(0.018 0.056 0)
(0.019 0.056 0)
(0.02 0.056 0)
(0.021 0.056 0)
(0.022 0.056 0)
(0.023 0.056 0)
(0.024 0.056 0)
(0.025 0.056 0)
(0.026 0.056 0)
(0.027 0.056 0)
(0.028 0.056 0)
(0.029 0.056 0)
(0.03 0.056 0)
(0.031 0.056 0)
(0.032 0.056 0)
(0.033 0.056 0)
(0.034 0.056 0)
(0.035 0.056 0)
(0.036 0.056 0)
(0.037 0.056 0)
(0.038 0.056 0)
(0.039 0.056 0)
(0.04 0.056 0)
(0.041 0.056 0)
(0.042 0.056 0)
(0.043 0.056 0)
(0.044 0.056 0)
(0 0.057 0)
(0.001 0.057 0)
(0.002 0.057 0)
(0.003 0.057 0)
(0.004 0.057 0)
(0.005 0.057 0)
(0.006 0.057 0)
(0.007 0.057 0)
(0.008 0.057 0)
(0.009 0.057 0)
(0.01 0.057 0)
(0.011 0.057 0)
(0.012 0.057 0)
(0.013 0.057 0)
(0.014 0.057 0)
(0.015 0.057 0)
(0.016 0.057 0)
(0.017 0.057 0)
(0.018 0.057 0)
(0.019 0.057 0)
(0.02 0.057 0)
(0.021 0.057 0)
(0.022 0.057 0)
(0.023 0.057 0)
(0.024 0.057 0)
(0.025 0.057 0)
(0.026 0.057 0)
(0.027 0.057 0)
(0.028 0.057 0)
(0.029 0.057 0)
(0.03 0.057 0)
(0.031 0.057 0)
(0.032 0.057 0)
(0.033 0.057 0)
(0.034 0.057 0)
(0.035 0.057 0)
(0.036 0.057 0)
(0.037 0.057 0)
(0.038 0.057 0)
(0.039 0.057 0)
(0.04 0.057 0)
(0.041 0.057 0)
(0.042 0.057 0)
(0.043 0.057 0)
(0.044 0.057 0)
(0 0.058 0)
(0.001 0.058 0)
(0.002 0.058 0)
(0.003 0.058 0)
(0.004 0.058 0)
(0.005 0.058 0)
(0.006 0.058 0)
(0.007 0.058 0)
(0.008 0.058 0)
(0.009 0.058 0)
(0.01 0.058 0)
(0.011 0.058 0)
(0.012 0.058 0)
(0.013 0.058 0)
(0.014 0.058 0)
(0.015 0.058 0)
(0.016 0.058 0)
(0.017 0.058 0)
(0.018 0.058 0)
(0.019 0.058 0)
(0.02 0.058 0)
(0.021 0.058 0)
(0.022 0.058 0)
(0.023 0.058 0)
(0.024 0.058 0)
(0.025 0.058 0)
(0.026 0.058 0)
(0.027 0.058 0)
(0.028 0.058 0)
(0.029 0.058 0)
(0.03 0.058 0)
(0.031 0.058 0)
(0.032 0.058 0)
(0.033 0.058 0)
(0.034 0.058 0)
(0.035 0.058 0)
(0.036 0.058 0)
(0.037 0.058 0)
(0.038 0.058 0)
(0.039 0.058 0)
(0.04 0.058 0)
(0.041 0.058 0)
(0.042 0.058 0)
(0.043 0.058 0)
(0.044 0.058 0)
(0 0.059 0)
(0.001 0.059 0)
(0.002 0.059 0)
(0.003 0.059 0)
(0.004 0.059 0)
(0.005 0.059 0)
(0.006 0.059 0)
(0.007 0.059 0)
(0.008 0.059 0)
(0.009 0.059 0)
(0.01 0.059 0)
(0.011 0.059 0)
(0.012 0.059 0)
(0.013 0.059 0)
(0.014 0.059 0)
(0.015 0.059 0)
(0.016 0.059 0)
(0.017 0.059 0)
(0.018 0.059 0)
(0.019 0.059 0)
(0.02 0.059 0)
(0.021 0.059 0)
(0.022 0.059 0)
(0.023 0.059 0)
(0.024 0.059 0)
(0.025 0.059 0)
(0.026 0.059 0)
(0.027 0.059 0)
(0.028 0.059 0)
(0.029 0.059 0)
(0.03 0.059 0)
(0.031 0.059 0)
(0.032 0.059 0)
(0.033 0.059 0)
(0.034 0.059 0)
(0.035 0.059 0)
(0.036 0.059 0)
(0.037 0.059 0)
(0.038 0.059 0)
(0.039 0.059 0)
(0.04 0.059 0)
(0.041 0.059 0)
(0.042 0.059 0)
(0.043 0.059 0)
(0.044 0.059 0)
(0 0.06 0)
(0.001 0.06 0)
(0.002 0.06 0)
(0.003 0.06 0)
(0.004 0.06 0)
(0.005 0.06 0)
(0.006 0.06 0)
(0.007 0.06 0)
(0.008 0.06 0)
(0.009 0.06 0)
(0.01 0.06 0)
(0.011 0.06 0)
(0.012 0.06 0)
(0.013 0.06 0)
(0.014 0.06 0)
(0.015 0.06 0)
(0.016 0.06 0)
(0.017 0.06 0)
(0.018 0.06 0)
(0.019 0.06 0)
(0.02 0.06 0)
(0.021 0.06 0)
(0.022 0.06 0)
(0.023 0.06 0)
(0.024 0.06 0)
(0.025 0.06 0)
(0.026 0.06 0)
(0.027 0.06 0)
(0.028 0.06 0)
(0.029 0.06 0)
(0.03 0.06 0)
(0.031 0.06 0)
(0.032 0.06 0)
(0.033 0.06 0)
(0.034 0.06 0)
(0.035 0.06 0)
(0.036 0.06 0)
(0.037 0.06 0)
(0.038 0.06 0)
(0.039 0.06 0)
(0.04 0.06 0)
(0.041 0.06 0)
(0.042 0.06 0)
(0.043 0.06 0)
(0.044 0.06 0)
(0 0.061 0)
(0.001 0.061 0)
(0.002 0.061 0)
(0.003 0.061 0)
(0.004 0.061 0)
(0.005 0.061 0)
(0.006 0.061 0)
(0.007 0.061 0)
(0.008 0.061 0)
(0.009 0.061 0)
(0.01 0.061 0)
(0.011 0.061 0)
(0.012 0.061 0)
(0.013 0.061 0)
(0.014 0.061 0)
(0.015 0.061 0)
(0.016 0.061 0)
(0.017 0.061 0)
(0.018 0.061 0)
(0.019 0.061 0)
(0.02 0.061 0)
(0.021 0.061 0)
(0.022 0.061 0)
(0.023 0.061 0)
(0.024 0.061 0)
(0.025 0.061 0)
(0.026 0.061 0)
(0.027 0.061 0)
(0.028 0.061 0)
(0.029 0.061 0)
(0.03 0.061 0)
(0.031 0.061 0)
(0.032 0.061 0)
(0.033 0.061 0)
(0.034 0.061 0)
(0.035 0.061 0)
(0.036 0.061 0)
(0.037 0.061 0)
(0.038 0.061 0)
(0.039 0.061 0)
(0.04 0.061 0)
(0.041 0.061 0)
(0.042 0.061 0)
(0.043 0.061 0)
(0.044 0.061 0)
(0 0.062 0)
(0.001 0.062 0)
(0.002 0.062 0)
(0.003 0.062 0)
(0.004 0.062 0)
(0.005 0.062 0)
(0.006 0.062 0)
(0.007 0.062 0)
(0.008 0.062 0)
(0.009 0.062 0)
(0.01 0.062 0)
(0.011 0.062 0)
(0.012 0.062 0)
(0.013 0.062 0)
(0.014 0.062 0)
(0.015 0.062 0)
(0.016 0.062 0)
(0.017 0.062 0)
(0.018 0.062 0)
(0.019 0.062 0)
(0.02 0.062 0)
(0.021 0.062 0)
(0.022 0.062 0)
(0.023 0.062 0)
(0.024 0.062 0)
(0.025 0.062 0)
(0.026 0.062 0)
(0.027 0.062 0)
(0.028 0.062 0)
(0.029 0.062 0)
(0.03 0.062 0)
(0.031 0.062 0)
(0.032 0.062 0)
(0.033 0.062 0)
(0.034 0.062 0)
(0.035 0.062 0)
(0.036 0.062 0)
(0.037 0.062 0)
(0.038 0.062 0)
(0.039 0.062 0)
(0.04 0.062 0)
(0.041 0.062 0)
(0.042 0.062 0)
(0.043 0.062 0)
(0.044 0.062 0)
(0 0.063 0)
(0.001 0.063 0)
(0.002 0.063 0)
(0.003 0.063 0)
(0.004 0.063 0)
(0.005 0.063 0)
(0.006 0.063 0)
(0.007 0.063 0)
(0.008 0.063 0)
(0.009 0.063 0)
(0.01 0.063 0)
(0.011 0.063 0)
(0.012 0.063 0)
(0.013 0.063 0)
(0.014 0.063 0)
(0.015 0.063 0)
(0.016 0.063 0)
(0.017 0.063 0)
(0.018 0.063 0)
(0.019 0.063 0)
(0.02 0.063 0)
(0.021 0.063 0)
(0.022 0.063 0)
(0.023 0.063 0)
(0.024 0.063 0)
(0.025 0.063 0)
(0.026 0.063 0)
(0.027 0.063 0)
(0.028 0.063 0)
(0.029 0.063 0)
(0.03 0.063 0)
(0.031 0.063 0)
(0.032 0.063 0)
(0.033 0.063 0)
(0.034 0.063 0)
(0.035 0.063 0)
(0.036 0.063 0)
(0.037 0.063 0)
(0.038 0.063 0)
(0.039 0.063 0)
(0.04 0.063 0)
(0.041 0.063 0)
(0.042 0.063 0)
(0.043 0.063 0)
(0.044 0.063 0)
(0 0.064 0)
(0.001 0.064 0)
(0.002 0.064 0)
(0.003 0.064 0)
(0.004 0.064 0)
(0.005 0.064 0)
(0.006 0.064 0)
(0.007 0.064 0)
(0.008 0.064 0)
(0.009 0.064 0)
(0.01 0.064 0)
(0.011 0.064 0)
(0.012 0.064 0)
(0.013 0.064 0)
(0.014 0.064 0)
(0.015 0.064 0)
(0.016 0.064 0)
(0.017 0.064 0)
(0.018 0.064 0)
(0.019 0.064 0)
(0.02 0.064 0)
(0.021 0.064 0)
(0.022 0.064 0)
(0.023 0.064 0)
(0.024 0.064 0)
(0.025 0.064 0)
(0.026 0.064 0)
(0.027 0.064 0)
(0.028 0.064 0)
(0.029 0.064 0)
(0.03 0.064 0)
(0.031 0.064 0)
(0.032 0.064 0)
(0.033 0.064 0)
(0.034 0.064 0)
(0.035 0.064 0)
(0.036 0.064 0)
(0.037 0.064 0)
(0.038 0.064 0)
(0.039 0.064 0)
(0.04 0.064 0)
(0.041 0.064 0)
(0.042 0.064 0)
(0.043 0.064 0)
(0.044 0.064 0)
(0 0.065 0)
(0.001 0.065 0)
(0.002 0.065 0)
(0.003 0.065 0)
(0.004 0.065 0)
(0.005 0.065 0)
(0.006 0.065 0)
(0.007 0.065 0)
(0.008 0.065 0)
(0.009 0.065 0)
(0.01 0.065 0)
(0.011 0.065 0)
(0.012 0.065 0)
(0.013 0.065 0)
(0.014 0.065 0)
(0.015 0.065 0)
(0.016 0.065 0)
(0.017 0.065 0)
(0.018 0.065 0)
(0.019 0.065 0)
(0.02 0.065 0)
(0.021 0.065 0)
(0.022 0.065 0)
(0.023 0.065 0)
(0.024 0.065 0)
(0.025 0.065 0)
(0.026 0.065 0)
(0.027 0.065 0)
(0.028 0.065 0)
(0.029 0.065 0)
(0.03 0.065 0)
(0.031 0.065 0)
(0.032 0.065 0)
(0.033 0.065 0)
(0.034 0.065 0)
(0.035 0.065 0)
(0.036 0.065 0)
(0.037 0.065 0)
(0.038 0.065 0)
(0.039 0.065 0)
(0.04 0.065 0)
(0.041 0.065 0)
(0.042 0.065 0)
(0.043 0.065 0)
(0.044 0.065 0)
(0 0.066 0)
(0.001 0.066 0)
(0.002 0.066 0)
(0.003 0.066 0)
(0.004 0.066 0)
(0.005 0.066 0)
(0.006 0.066 0)
(0.007 0.066 0)
(0.008 0.066 0)
(0.009 0.066 0)
(0.01 0.066 0)
(0.011 0.066 0)
(0.012 0.066 0)
(0.013 0.066 0)
(0.014 0.066 0)
(0.015 0.066 0)
(0.016 0.066 0)
(0.017 0.066 0)
(0.018 0.066 0)
(0.019 0.066 0)
(0.02 0.066 0)
(0.021 0.066 0)
(0.022 0.066 0)
(0.023 0.066 0)
(0.024 0.066 0)
(0.025 0.066 0)
(0.026 0.066 0)
(0.027 0.066 0)
(0.028 0.066 0)
(0.029 0.066 0)
(0.03 0.066 0)
(0.031 0.066 0)
(0.032 0.066 0)
(0.033 0.066 0)
(0.034 0.066 0)
(0.035 0.066 0)
(0.036 0.066 0)
(0.037 0.066 0)
(0.038 0.066 0)
(0.039 0.066 0)
(0.04 0.066 0)
(0.041 0.066 0)
(0.042 0.066 0)
(0.043 0.066 0)
(0.044 0.066 0)
(0 0.067 0)
(0.001 0.067 0)
(0.002 0.067 0)
(0.003 0.067 0)
(0.004 0.067 0)
(0.005 0.067 0)
(0.006 0.067 0)
(0.007 0.067 0)
(0.008 0.067 0)
(0.009 0.067 0)
(0.01 0.067 0)
(0.011 0.067 0)
(0.012 0.067 0)
(0.013 0.067 0)
(0.014 0.067 0)
(0.015 0.067 0)
(0.016 0.067 0)
(0.017 0.067 0)
(0.018 0.067 0)
(0.019 0.067 0)
(0.02 0.067 0)
(0.021 0.067 0)
(0.022 0.067 0)
(0.023 0.067 0)
(0.024 0.067 0)
(0.025 0.067 0)
(0.026 0.067 0)
(0.027 0.067 0)
(0.028 0.067 0)
(0.029 0.067 0)
(0.03 0.067 0)
(0.031 0.067 0)
(0.032 0.067 0)
(0.033 0.067 0)
(0.034 0.067 0)
(0.035 0.067 0)
(0.036 0.067 0)
(0.037 0.067 0)
(0.038 0.067 0)
(0.039 0.067 0)
(0.04 0.067 0)
(0.041 0.067 0)
(0.042 0.067 0)
(0.043 0.067 0)
(0.044 0.067 0)
(0 0.068 0)
(0.001 0.068 0)
(0.002 0.068 0)
(0.003 0.068 0)
(0.004 0.068 0)
(0.005 0.068 0)
(0.006 0.068 0)
(0.007 0.068 0)
(0.008 0.068 0)
(0.009 0.068 0)
(0.01 0.068 0)
(0.011 0.068 0)
(0.012 0.068 0)
(0.013 0.068 0)
(0.014 0.068 0)
(0.015 0.068 0)
(0.016 0.068 0)
(0.017 0.068 0)
(0.018 0.068 0)
(0.019 0.068 0)
(0.02 0.068 0)
(0.021 0.068 0)
(0.022 0.068 0)
(0.023 0.068 0)
(0.024 0.068 0)
(0.025 0.068 0)
(0.026 0.068 0)
(0.027 0.068 0)
(0.028 0.068 0)
(0.029 0.068 0)
(0.03 0.068 0)
(0.031 0.068 0)
(0.032 0.068 0)
(0.033 0.068 0)
(0.034 0.068 0)
(0.035 0.068 0)
(0.036 0.068 0)
(0.037 0.068 0)
(0.038 0.068 0)
(0.039 0.068 0)
(0.04 0.068 0)
(0.041 0.068 0)
(0.042 0.068 0)
(0.043 0.068 0)
(0.044 0.068 0)
(0 0.069 0)
(0.001 0.069 0)
(0.002 0.069 0)
(0.003 0.069 0)
(0.004 0.069 0)
(0.005 0.069 0)
(0.006 0.069 0)
(0.007 0.069 0)
(0.008 0.069 0)
(0.009 0.069 0)
(0.01 0.069 0)
(0.011 0.069 0)
(0.012 0.069 0)
(0.013 0.069 0)
(0.014 0.069 0)
(0.015 0.069 0)
(0.016 0.069 0)
(0.017 0.069 0)
(0.018 0.069 0)
(0.019 0.069 0)
(0.02 0.069 0)
(0.021 0.069 0)
(0.022 0.069 0)
(0.023 0.069 0)
(0.024 0.069 0)
(0.025 0.069 0)
(0.026 0.069 0)
(0.027 0.069 0)
(0.028 0.069 0)
(0.029 0.069 0)
(0.03 0.069 0)
(0.031 0.069 0)
(0.032 0.069 0)
(0.033 0.069 0)
(0.034 0.069 0)
(0.035 0.069 0)
(0.036 0.069 0)
(0.037 0.069 0)
(0.038 0.069 0)
(0.039 0.069 0)
(0.04 0.069 0)
(0.041 0.069 0)
(0.042 0.069 0)
(0.043 0.069 0)
(0.044 0.069 0)
(0 0.07 0)
(0.001 0.07 0)
(0.002 0.07 0)
(0.003 0.07 0)
(0.004 0.07 0)
(0.005 0.07 0)
(0.006 0.07 0)
(0.007 0.07 0)
(0.008 0.07 0)
(0.009 0.07 0)
(0.01 0.07 0)
(0.011 0.07 0)
(0.012 0.07 0)
(0.013 0.07 0)
(0.014 0.07 0)
(0.015 0.07 0)
(0.016 0.07 0)
(0.017 0.07 0)
(0.018 0.07 0)
(0.019 0.07 0)
(0.02 0.07 0)
(0.021 0.07 0)
(0.022 0.07 0)
(0.023 0.07 0)
(0.024 0.07 0)
(0.025 0.07 0)
(0.026 0.07 0)
(0.027 0.07 0)
(0.028 0.07 0)
(0.029 0.07 0)
(0.03 0.07 0)
(0.031 0.07 0)
(0.032 0.07 0)
(0.033 0.07 0)
(0.034 0.07 0)
(0.035 0.07 0)
(0.036 0.07 0)
(0.037 0.07 0)
(0.038 0.07 0)
(0.039 0.07 0)
(0.04 0.07 0)
(0.041 0.07 0)
(0.042 0.07 0)
(0.043 0.07 0)
(0.044 0.07 0)
(0 0.071 0)
(0.001 0.071 0)
(0.002 0.071 0)
(0.003 0.071 0)
(0.004 0.071 0)
(0.005 0.071 0)
(0.006 0.071 0)
(0.007 0.071 0)
(0.008 0.071 0)
(0.009 0.071 0)
(0.01 0.071 0)
(0.011 0.071 0)
(0.012 0.071 0)
(0.013 0.071 0)
(0.014 0.071 0)
(0.015 0.071 0)
(0.016 0.071 0)
(0.017 0.071 0)
(0.018 0.071 0)
(0.019 0.071 0)
(0.02 0.071 0)
(0.021 0.071 0)
(0.022 0.071 0)
(0.023 0.071 0)
(0.024 0.071 0)
(0.025 0.071 0)
(0.026 0.071 0)
(0.027 0.071 0)
(0.028 0.071 0)
(0.029 0.071 0)
(0.03 0.071 0)
(0.031 0.071 0)
(0.032 0.071 0)
(0.033 0.071 0)
(0.034 0.071 0)
(0.035 0.071 0)
(0.036 0.071 0)
(0.037 0.071 0)
(0.038 0.071 0)
(0.039 0.071 0)
(0.04 0.071 0)
(0.041 0.071 0)
(0.042 0.071 0)
(0.043 0.071 0)
(0.044 0.071 0)
(0 0.072 0)
(0.001 0.072 0)
(0.002 0.072 0)
(0.003 0.072 0)
(0.004 0.072 0)
(0.005 0.072 0)
(0.006 0.072 0)
(0.007 0.072 0)
(0.008 0.072 0)
(0.009 0.072 0)
(0.01 0.072 0)
(0.011 0.072 0)
(0.012 0.072 0)
(0.013 0.072 0)
(0.014 0.072 0)
(0.015 0.072 0)
(0.016 0.072 0)
(0.017 0.072 0)
(0.018 0.072 0)
(0.019 0.072 0)
(0.02 0.072 0)
(0.021 0.072 0)
(0.022 0.072 0)
(0.023 0.072 0)
(0.024 0.072 0)
(0.025 0.072 0)
(0.026 0.072 0)
(0 0.043 0.01)
(0.001 0.043 0.01)
(0.002 0.043 0.01)
(0 0.044 0.01)
(0.001 0.044 0.01)
(0.002 0.044 0.01)
(0.003 0.044 0.01)
(0.004 0.044 0.01)
(0.005 0.044 0.01)
(0.006 0.044 0.01)
(0.007 0.044 0.01)
(0.008 0.044 0.01)
(0.009 0.044 0.01)
(0.01 0.044 0.01)
(0.011 0.044 0.01)
(0.012 0.044 0.01)
(0.013 0.044 0.01)
(0.014 0.044 0.01)
(0.015 0.044 0.01)
(0.016 0.044 0.01)
(0.017 0.044 0.01)
(0.018 0.044 0.01)
(0.019 0.044 0.01)
(0.02 0.044 0.01)
(0.021 0.044 0.01)
(0.022 0.044 0.01)
(0.023 0.044 0.01)
(0.024 0.044 0.01)
(0.025 0.044 0.01)
(0.026 0.044 0.01)
(0.027 0.044 0.01)
(0.028 0.044 0.01)
(0.029 0.044 0.01)
(0.03 0.044 0.01)
(0.031 0.044 0.01)
(0.032 0.044 0.01)
(0.033 0.044 0.01)
(0.034 0.044 0.01)
(0 0.045 0.01)
(0.001 0.045 0.01)
(0.002 0.045 0.01)
(0.003 0.045 0.01)
(0.004 0.045 0.01)
(0.005 0.045 0.01)
(0.006 0.045 0.01)
(0.007 0.045 0.01)
(0.008 0.045 0.01)
(0.009 0.045 0.01)
(0.01 0.045 0.01)
(0.011 0.045 0.01)
(0.012 0.045 0.01)
(0.013 0.045 0.01)
(0.014 0.045 0.01)
(0.015 0.045 0.01)
(0.016 0.045 0.01)
(0.017 0.045 0.01)
(0.018 0.045 0.01)
(0.019 0.045 0.01)
(0.02 0.045 0.01)
(0.021 0.045 0.01)
(0.022 0.045 0.01)
(0.023 0.045 0.01)
(0.024 0.045 0.01)
(0.025 0.045 0.01)
(0.026 0.045 0.01)
(0.027 0.045 0.01)
(0.028 0.045 0.01)
(0.029 0.045 0.01)
(0.03 0.045 0.01)
(0.031 0.045 0.01)
(0.032 0.045 0.01)
(0.033 0.045 0.01)
(0.034 0.045 0.01)
(0.035 0.045 0.01)
(0.036 0.045 0.01)
(0.037 0.045 0.01)
(0.038 0.045 0.01)
(0.039 0.045 0.01)
(0.04 0.045 0.01)
(0.041 0.045 0.01)
(0.042 0.045 0.01)
(0.043 0.045 0.01)
(0 0.046 0.01)
(0.001 0.046 0.01)
(0.002 0.046 0.01)
(0.003 0.046 0.01)
(0.004 0.046 0.01)
(0.005 0.046 0.01)
(0.006 0.046 0.01)
(0.007 0.046 0.01)
(0.008 0.046 0.01)
(0.009 0.046 0.01)
(0.01 0.046 0.01)
(0.011 0.046 0.01)
(0.012 0.046 0.01)
(0.013 0.046 0.01)
(0.014 0.046 0.01)
(0.015 0.046 0.01)
(0.016 0.046 0.01)
(0.017 0.046 0.01)
(0.018 0.046 0.01)
(0.019 0.046 0.01)
(0.02 0.046 0.01)
(0.021 0.046 0.01)
(0.022 0.046 0.01)
(0.023 0.046 0.01)
(0.024 0.046 0.01)
(0.025 0.046 0.01)
(0.026 0.046 0.01)
(0.027 0.046 0.01)
(0.028 0.046 0.01)
(0.029 0.046 0.01)
(0.03 0.046 0.01)
(0.031 0.046 0.01)
(0.032 0.046 0.01)
(0.033 0.046 0.01)
(0.034 0.046 0.01)
(0.035 0.046 0.01)
(0.036 0.046 0.01)
(0.037 0.046 0.01)
(0.038 0.046 0.01)
(0.039 0.046 0.01)
(0.04 0.046 0.01)
(0.041 0.046 0.01)
(0.042 0.046 0.01)
(0.043 0.046 0.01)
(0.044 0.046 0.01)
(0.045 0.046 0.01)
(0.046 0.046 0.01)
(0.047 0.046 0.01)
(0.048 0.046 0.01)
(0.049 0.046 0.01)
(0 0.047 0.01)
(0.001 0.047 0.01)
(0.002 0.047 0.01)
(0.003 0.047 0.01)
(0.004 0.047 0.01)
(0.005 0.047 0.01)
(0.006 0.047 0.01)
(0.007 0.047 0.01)
(0.008 0.047 0.01)
(0.009 0.047 0.01)
(0.01 0.047 0.01)
(0.011 0.047 0.01)
(0.012 0.047 0.01)
(0.013 0.047 0.01)
(0.014 0.047 0.01)
(0.015 0.047 0.01)
(0.016 0.047 0.01)
(0.017 0.047 0.01)
(0.018 0.047 0.01)
(0.019 0.047 0.01)
(0.02 0.047 0.01)
(0.021 0.047 0.01)
(0.022 0.047 0.01)
(0.023 0.047 0.01)
(0.024 0.047 0.01)
(0.025 0.047 0.01)
(0.026 0.047 0.01)
(0.027 0.047 0.01)
(0.028 0.047 0.01)
(0.029 0.047 0.01)
(0.03 0.047 0.01)
(0.031 0.047 0.01)
(0.032 0.047 0.01)
(0.033 0.047 0.01)
(0.034 0.047 0.01)
(0.035 0.047 0.01)
(0.036 0.047 0.01)
(0.037 0.047 0.01)
(0.038 0.047 0.01)
(0.039 0.047 0.01)
(0.04 0.047 0.01)
(0.041 0.047 0.01)
(0.042 0.047 0.01)
(0.043 0.047 0.01)
(0.044 0.047 0.01)
(0.045 0.047 0.01)
(0.046 0.047 0.01)
(0.047 0.047 0.01)
(0.048 0.047 0.01)
(0.049 0.047 0.01)
(0 0.048 0.01)
(0.001 0.048 0.01)
(0.002 0.048 0.01)
(0.003 0.048 0.01)
(0.004 0.048 0.01)
(0.005 0.048 0.01)
(0.006 0.048 0.01)
(0.007 0.048 0.01)
(0.008 0.048 0.01)
(0.009 0.048 0.01)
(0.01 0.048 0.01)
(0.011 0.048 0.01)
(0.012 0.048 0.01)
(0.013 0.048 0.01)
(0.014 0.048 0.01)
(0.015 0.048 0.01)
(0.016 0.048 0.01)
(0.017 0.048 0.01)
(0.018 0.048 0.01)
(0.019 0.048 0.01)
(0.02 0.048 0.01)
(0.021 0.048 0.01)
(0.022 0.048 0.01)
(0.023 0.048 0.01)
(0.024 0.048 0.01)
(0.025 0.048 0.01)
(0.026 0.048 0.01)
(0.027 0.048 0.01)
(0.028 0.048 0.01)
(0.029 0.048 0.01)
(0.03 0.048 0.01)
(0.031 0.048 0.01)
(0.032 0.048 0.01)
(0.033 0.048 0.01)
(0.034 0.048 0.01)
(0.035 0.048 0.01)
(0.036 0.048 0.01)
(0.037 0.048 0.01)
(0.038 0.048 0.01)
(0.039 0.048 0.01)
(0.04 0.048 0.01)
(0.041 0.048 0.01)
(0.042 0.048 0.01)
(0.043 0.048 0.01)
(0.044 0.048 0.01)
(0.045 0.048 0.01)
(0.046 0.048 0.01)
(0.047 0.048 0.01)
(0.048 0.048 0.01)
(0.049 0.048 0.01)
(0 0.049 0.01)
(0.001 0.049 0.01)
(0.002 0.049 0.01)
(0.003 0.049 0.01)
(0.004 0.049 0.01)
(0.005 0.049 0.01)
(0.006 0.049 0.01)
(0.007 0.049 0.01)
(0.008 0.049 0.01)
(0.009 0.049 0.01)
(0.01 0.049 0.01)
(0.011 0.049 0.01)
(0.012 0.049 0.01)
(0.013 0.049 0.01)
(0.014 0.049 0.01)
(0.015 0.049 0.01)
(0.016 0.049 0.01)
(0.017 0.049 0.01)
(0.018 0.049 0.01)
(0.019 0.049 0.01)
(0.02 0.049 0.01)
(0.021 0.049 0.01)
(0.022 0.049 0.01)
(0.023 0.049 0.01)
(0.024 0.049 0.01)
(0.025 0.049 0.01)
(0.026 0.049 0.01)
(0.027 0.049 0.01)
(0.028 0.049 0.01)
(0.029 0.049 0.01)
(0.03 0.049 0.01)
(0.031 0.049 0.01)
(0.032 0.049 0.01)
(0.033 0.049 0.01)
(0.034 0.049 0.01)
(0.035 0.049 0.01)
(0.036 0.049 0.01)
(0.037 0.049 0.01)
(0.038 0.049 0.01)
(0.039 0.049 0.01)
(0.04 0.049 0.01)
(0.041 0.049 0.01)
(0.042 0.049 0.01)
(0.043 0.049 0.01)
(0.044 0.049 0.01)
(0.045 0.049 0.01)
(0.046 0.049 0.01)
(0.047 0.049 0.01)
(0.048 0.049 0.01)
(0.049 0.049 0.01)
(0 0.05 0.01)
(0.001 0.05 0.01)
(0.002 0.05 0.01)
(0.003 0.05 0.01)
(0.004 0.05 0.01)
(0.005 0.05 0.01)
(0.006 0.05 0.01)
(0.007 0.05 0.01)
(0.008 0.05 0.01)
(0.009 0.05 0.01)
(0.01 0.05 0.01)
(0.011 0.05 0.01)
(0.012 0.05 0.01)
(0.013 0.05 0.01)
(0.014 0.05 0.01)
(0.015 0.05 0.01)
(0.016 0.05 0.01)
(0.017 0.05 0.01)
(0.018 0.05 0.01)
(0.019 0.05 0.01)
(0.02 0.05 0.01)
(0.021 0.05 0.01)
(0.022 0.05 0.01)
(0.023 0.05 0.01)
(0.024 0.05 0.01)
(0.025 0.05 0.01)
(0.026 0.05 0.01)
(0.027 0.05 0.01)
(0.028 0.05 0.01)
(0.029 0.05 0.01)
(0.03 0.05 0.01)
(0.031 0.05 0.01)
(0.032 0.05 0.01)
(0.033 0.05 0.01)
(0.034 0.05 0.01)
(0.035 0.05 0.01)
(0.036 0.05 0.01)
(0.037 0.05 0.01)
(0.038 0.05 0.01)
(0.039 0.05 0.01)
(0.04 0.05 0.01)
(0.041 0.05 0.01)
(0.042 0.05 0.01)
(0.043 0.05 0.01)
(0.044 0.05 0.01)
(0.045 0.05 0.01)
(0.046 0.05 0.01)
(0.047 0.05 0.01)
(0.048 0.05 0.01)
(0.049 0.05 0.01)
(0 0.051 0.01)
(0.001 0.051 0.01)
(0.002 0.051 0.01)
(0.003 0.051 0.01)
(0.004 0.051 0.01)
(0.005 0.051 0.01)
(0.006 0.051 0.01)
(0.007 0.051 0.01)
(0.008 0.051 0.01)
(0.009 0.051 0.01)
(0.01 0.051 0.01)
(0.011 0.051 0.01)
(0.012 0.051 0.01)
(0.013 0.051 0.01)
(0.014 0.051 0.01)
(0.015 0.051 0.01)
(0.016 0.051 0.01)
(0.017 0.051 0.01)
(0.018 0.051 0.01)
(0.019 0.051 0.01)
(0.02 0.051 0.01)
(0.021 0.051 0.01)
(0.022 0.051 0.01)
(0.023 0.051 0.01)
(0.024 0.051 0.01)
(0.025 0.051 0.01)
(0.026 0.051 0.01)
(0.027 0.051 0.01)
(0.028 0.051 0.01)
(0.029 0.051 0.01)
(0.03 0.051 0.01)
(0.031 0.051 0.01)
(0.032 0.051 0.01)
(0.033 0.051 0.01)
(0.034 0.051 0.01)
(0.035 0.051 0.01)
(0.036 0.051 0.01)
(0.037 0.051 0.01)
(0.038 0.051 0.01)
(0.039 0.051 0.01)
(0.04 0.051 0.01)
(0.041 0.051 0.01)
(0.042 0.051 0.01)
(0.043 0.051 0.01)
(0.044 0.051 0.01)
(0.045 0.051 0.01)
(0.046 0.051 0.01)
(0.047 0.051 0.01)
(0.048 0.051 0.01)
(0.049 0.051 0.01)
(0 0.052 0.01)
(0.001 0.052 0.01)
(0.002 0.052 0.01)
(0.003 0.052 0.01)
(0.004 0.052 0.01)
(0.005 0.052 0.01)
(0.006 0.052 0.01)
(0.007 0.052 0.01)
(0.008 0.052 0.01)
(0.009 0.052 0.01)
(0.01 0.052 0.01)
(0.011 0.052 0.01)
(0.012 0.052 0.01)
(0.013 0.052 0.01)
(0.014 0.052 0.01)
(0.015 0.052 0.01)
(0.016 0.052 0.01)
(0.017 0.052 0.01)
(0.018 0.052 0.01)
(0.019 0.052 0.01)
(0.02 0.052 0.01)
(0.021 0.052 0.01)
(0.022 0.052 0.01)
(0.023 0.052 0.01)
(0.024 0.052 0.01)
(0.025 0.052 0.01)
(0.026 0.052 0.01)
(0.027 0.052 0.01)
(0.028 0.052 0.01)
(0.029 0.052 0.01)
(0.03 0.052 0.01)
(0.031 0.052 0.01)
(0.032 0.052 0.01)
(0.033 0.052 0.01)
(0.034 0.052 0.01)
(0.035 0.052 0.01)
(0.036 0.052 0.01)
(0.037 0.052 0.01)
(0.038 0.052 0.01)
(0.039 0.052 0.01)
(0.04 0.052 0.01)
(0.041 0.052 0.01)
(0.042 0.052 0.01)
(0.043 0.052 0.01)
(0.044 0.052 0.01)
(0.045 0.052 0.01)
(0.046 0.052 0.01)
(0.047 0.052 0.01)
(0.048 0.052 0.01)
(0.049 0.052 0.01)
(0 0.053 0.01)
(0.001 0.053 0.01)
(0.002 0.053 0.01)
(0.003 0.053 0.01)
(0.004 0.053 0.01)
(0.005 0.053 0.01)
(0.006 0.053 0.01)
(0.007 0.053 0.01)
(0.008 0.053 0.01)
(0.009 0.053 0.01)
(0.01 0.053 0.01)
(0.011 0.053 0.01)
(0.012 0.053 0.01)
(0.013 0.053 0.01)
(0.014 0.053 0.01)
(0.015 0.053 0.01)
(0.016 0.053 0.01)
(0.017 0.053 0.01)
(0.018 0.053 0.01)
(0.019 0.053 0.01)
(0.02 0.053 0.01)
(0.021 0.053 0.01)
(0.022 0.053 0.01)
(0.023 0.053 0.01)
(0.024 0.053 0.01)
(0.025 0.053 0.01)
(0.026 0.053 0.01)
(0.027 0.053 0.01)
(0.028 0.053 0.01)
(0.029 0.053 0.01)
(0.03 0.053 0.01)
(0.031 0.053 0.01)
(0.032 0.053 0.01)
(0.033 0.053 0.01)
(0.034 0.053 0.01)
(0.035 0.053 0.01)
(0.036 0.053 0.01)
(0.037 0.053 0.01)
(0.038 0.053 0.01)
(0.039 0.053 0.01)
(0.04 0.053 0.01)
(0.041 0.053 0.01)
(0.042 0.053 0.01)
(0.043 0.053 0.01)
(0.044 0.053 0.01)
(0.045 0.053 0.01)
(0.046 0.053 0.01)
(0.047 0.053 0.01)
(0.048 0.053 0.01)
(0.049 0.053 0.01)
(0 0.054 0.01)
(0.001 0.054 0.01)
(0.002 0.054 0.01)
(0.003 0.054 0.01)
(0.004 0.054 0.01)
(0.005 0.054 0.01)
(0.006 0.054 0.01)
(0.007 0.054 0.01)
(0.008 0.054 0.01)
(0.009 0.054 0.01)
(0.01 0.054 0.01)
(0.011 0.054 0.01)
(0.012 0.054 0.01)
(0.013 0.054 0.01)
(0.014 0.054 0.01)
(0.015 0.054 0.01)
(0.016 0.054 0.01)
(0.017 0.054 0.01)
(0.018 0.054 0.01)
(0.019 0.054 0.01)
(0.02 0.054 0.01)
(0.021 0.054 0.01)
(0.022 0.054 0.01)
(0.023 0.054 0.01)
(0.024 0.054 0.01)
(0.025 0.054 0.01)
(0.026 0.054 0.01)
(0.027 0.054 0.01)
(0.028 0.054 0.01)
(0.029 0.054 0.01)
(0.03 0.054 0.01)
(0.031 0.054 0.01)
(0.032 0.054 0.01)
(0.033 0.054 0.01)
(0.034 0.054 0.01)
(0.035 0.054 0.01)
(0.036 0.054 0.01)
(0.037 0.054 0.01)
(0.038 0.054 0.01)
(0.039 0.054 0.01)
(0.04 0.054 0.01)
(0.041 0.054 0.01)
(0.042 0.054 0.01)
(0.043 0.054 0.01)
(0.044 0.054 0.01)
(0.045 0.054 0.01)
(0.046 0.054 0.01)
(0.047 0.054 0.01)
(0.048 0.054 0.01)
(0.049 0.054 0.01)
(0 0.055 0.01)
(0.001 0.055 0.01)
(0.002 0.055 0.01)
(0.003 0.055 0.01)
(0.004 0.055 0.01)
(0.005 0.055 0.01)
(0.006 0.055 0.01)
(0.007 0.055 0.01)
(0.008 0.055 0.01)
(0.009 0.055 0.01)
(0.01 0.055 0.01)
(0.011 0.055 0.01)
(0.012 0.055 0.01)
(0.013 0.055 0.01)
(0.014 0.055 0.01)
(0.015 0.055 0.01)
(0.016 0.055 0.01)
(0.017 0.055 0.01)
(0.018 0.055 0.01)
(0.019 0.055 0.01)
(0.02 0.055 0.01)
(0.021 0.055 0.01)
(0.022 0.055 0.01)
(0.023 0.055 0.01)
(0.024 0.055 0.01)
(0.025 0.055 0.01)
(0.026 0.055 0.01)
(0.027 0.055 0.01)
(0.028 0.055 0.01)
(0.029 0.055 0.01)
(0.03 0.055 0.01)
(0.031 0.055 0.01)
(0.032 0.055 0.01)
(0.033 0.055 0.01)
(0.034 0.055 0.01)
(0.035 0.055 0.01)
(0.036 0.055 0.01)
(0.037 0.055 0.01)
(0.038 0.055 0.01)
(0.039 0.055 0.01)
(0.04 0.055 0.01)
(0.041 0.055 0.01)
(0.042 0.055 0.01)
(0.043 0.055 0.01)
(0.044 0.055 0.01)
(0.045 0.055 0.01)
(0.046 0.055 0.01)
(0.047 0.055 0.01)
(0.048 0.055 0.01)
(0.049 0.055 0.01)
(0 0.056 0.01)
(0.001 0.056 0.01)
(0.002 0.056 0.01)
(0.003 0.056 0.01)
(0.004 0.056 0.01)
(0.005 0.056 0.01)
(0.006 0.056 0.01)
(0.007 0.056 0.01)
(0.008 0.056 0.01)
(0.009 0.056 0.01)
(0.01 0.056 0.01)
(0.011 0.056 0.01)
(0.012 0.056 0.01)
(0.013 0.056 0.01)
(0.014 0.056 0.01)
(0.015 0.056 0.01)
(0.016 0.056 0.01)
(0.017 0.056 0.01)
(0.018 0.056 0.01)
(0.019 0.056 0.01)
(0.02 0.056 0.01)
(0.021 0.056 0.01)
(0.022 0.056 0.01)
(0.023 0.056 0.01)
(0.024 0.056 0.01)
(0.025 0.056 0.01)
(0.026 0.056 0.01)
(0.027 0.056 0.01)
(0.028 0.056 0.01)
(0.029 0.056 0.01)
(0.03 0.056 0.01)
(0.031 0.056 0.01)
(0.032 0.056 0.01)
(0.033 0.056 0.01)
(0.034 0.056 0.01)
(0.035 0.056 0.01)
(0.036 0.056 0.01)
(0.037 0.056 0.01)
(0.038 0.056 0.01)
(0.039 0.056 0.01)
(0.04 0.056 0.01)
(0.041 0.056 0.01)
(0.042 0.056 0.01)
(0.043 0.056 0.01)
(0.044 0.056 0.01)
(0 0.057 0.01)
(0.001 0.057 0.01)
(0.002 0.057 0.01)
(0.003 0.057 0.01)
(0.004 0.057 0.01)
(0.005 0.057 0.01)
(0.006 0.057 0.01)
(0.007 0.057 0.01)
(0.008 0.057 0.01)
(0.009 0.057 0.01)
(0.01 0.057 0.01)
(0.011 0.057 0.01)
(0.012 0.057 0.01)
(0.013 0.057 0.01)
(0.014 0.057 0.01)
(0.015 0.057 0.01)
(0.016 0.057 0.01)
(0.017 0.057 0.01)
(0.018 0.057 0.01)
(0.019 0.057 0.01)
(0.02 0.057 0.01)
(0.021 0.057 0.01)
(0.022 0.057 0.01)
(0.023 0.057 0.01)
(0.024 0.057 0.01)
(0.025 0.057 0.01)
(0.026 0.057 0.01)
(0.027 0.057 0.01)
(0.028 0.057 0.01)
(0.029 0.057 0.01)
(0.03 0.057 0.01)
(0.031 0.057 0.01)
(0.032 0.057 0.01)
(0.033 0.057 0.01)
(0.034 0.057 0.01)
(0.035 0.057 0.01)
(0.036 0.057 0.01)
(0.037 0.057 0.01)
(0.038 0.057 0.01)
(0.039 0.057 0.01)
(0.04 0.057 0.01)
(0.041 0.057 0.01)
(0.042 0.057 0.01)
(0.043 0.057 0.01)
(0.044 0.057 0.01)
(0 0.058 0.01)
(0.001 0.058 0.01)
(0.002 0.058 0.01)
(0.003 0.058 0.01)
(0.004 0.058 0.01)
(0.005 0.058 0.01)
(0.006 0.058 0.01)
(0.007 0.058 0.01)
(0.008 0.058 0.01)
(0.009 0.058 0.01)
(0.01 0.058 0.01)
(0.011 0.058 0.01)
(0.012 0.058 0.01)
(0.013 0.058 0.01)
(0.014 0.058 0.01)
(0.015 0.058 0.01)
(0.016 0.058 0.01)
(0.017 0.058 0.01)
(0.018 0.058 0.01)
(0.019 0.058 0.01)
(0.02 0.058 0.01)
(0.021 0.058 0.01)
(0.022 0.058 0.01)
(0.023 0.058 0.01)
(0.024 0.058 0.01)
(0.025 0.058 0.01)
(0.026 0.058 0.01)
(0.027 0.058 0.01)
(0.028 0.058 0.01)
(0.029 0.058 0.01)
(0.03 0.058 0.01)
(0.031 0.058 0.01)
(0.032 0.058 0.01)
(0.033 0.058 0.01)
(0.034 0.058 0.01)
(0.035 0.058 0.01)
(0.036 0.058 0.01)
(0.037 0.058 0.01)
(0.038 0.058 0.01)
(0.039 0.058 0.01)
(0.04 0.058 0.01)
(0.041 0.058 0.01)
(0.042 0.058 0.01)
(0.043 0.058 0.01)
(0.044 0.058 0.01)
(0 0.059 0.01)
(0.001 0.059 0.01)
(0.002 0.059 0.01)
(0.003 0.059 0.01)
(0.004 0.059 0.01)
(0.005 0.059 0.01)
(0.006 0.059 0.01)
(0.007 0.059 0.01)
(0.008 0.059 0.01)
(0.009 0.059 0.01)
(0.01 0.059 0.01)
(0.011 0.059 0.01)
(0.012 0.059 0.01)
(0.013 0.059 0.01)
(0.014 0.059 0.01)
(0.015 0.059 0.01)
(0.016 0.059 0.01)
(0.017 0.059 0.01)
(0.018 0.059 0.01)
(0.019 0.059 0.01)
(0.02 0.059 0.01)
(0.021 0.059 0.01)
(0.022 0.059 0.01)
(0.023 0.059 0.01)
(0.024 0.059 0.01)
(0.025 0.059 0.01)
(0.026 0.059 0.01)
(0.027 0.059 0.01)
(0.028 0.059 0.01)
(0.029 0.059 0.01)
(0.03 0.059 0.01)
(0.031 0.059 0.01)
(0.032 0.059 0.01)
(0.033 0.059 0.01)
(0.034 0.059 0.01)
(0.035 0.059 0.01)
(0.036 0.059 0.01)
(0.037 0.059 0.01)
(0.038 0.059 0.01)
(0.039 0.059 0.01)
(0.04 0.059 0.01)
(0.041 0.059 0.01)
(0.042 0.059 0.01)
(0.043 0.059 0.01)
(0.044 0.059 0.01)
(0 0.06 0.01)
(0.001 0.06 0.01)
(0.002 0.06 0.01)
(0.003 0.06 0.01)
(0.004 0.06 0.01)
(0.005 0.06 0.01)
(0.006 0.06 0.01)
(0.007 0.06 0.01)
(0.008 0.06 0.01)
(0.009 0.06 0.01)
(0.01 0.06 0.01)
(0.011 0.06 0.01)
(0.012 0.06 0.01)
(0.013 0.06 0.01)
(0.014 0.06 0.01)
(0.015 0.06 0.01)
(0.016 0.06 0.01)
(0.017 0.06 0.01)
(0.018 0.06 0.01)
(0.019 0.06 0.01)
(0.02 0.06 0.01)
(0.021 0.06 0.01)
(0.022 0.06 0.01)
(0.023 0.06 0.01)
(0.024 0.06 0.01)
(0.025 0.06 0.01)
(0.026 0.06 0.01)
(0.027 0.06 0.01)
(0.028 0.06 0.01)
(0.029 0.06 0.01)
(0.03 0.06 0.01)
(0.031 0.06 0.01)
(0.032 0.06 0.01)
(0.033 0.06 0.01)
(0.034 0.06 0.01)
(0.035 0.06 0.01)
(0.036 0.06 0.01)
(0.037 0.06 0.01)
(0.038 0.06 0.01)
(0.039 0.06 0.01)
(0.04 0.06 0.01)
(0.041 0.06 0.01)
(0.042 0.06 0.01)
(0.043 0.06 0.01)
(0.044 0.06 0.01)
(0 0.061 0.01)
(0.001 0.061 0.01)
(0.002 0.061 0.01)
(0.003 0.061 0.01)
(0.004 0.061 0.01)
(0.005 0.061 0.01)
(0.006 0.061 0.01)
(0.007 0.061 0.01)
(0.008 0.061 0.01)
(0.009 0.061 0.01)
(0.01 0.061 0.01)
(0.011 0.061 0.01)
(0.012 0.061 0.01)
(0.013 0.061 0.01)
(0.014 0.061 0.01)
(0.015 0.061 0.01)
(0.016 0.061 0.01)
(0.017 0.061 0.01)
(0.018 0.061 0.01)
(0.019 0.061 0.01)
(0.02 0.061 0.01)
(0.021 0.061 0.01)
(0.022 0.061 0.01)
(0.023 0.061 0.01)
(0.024 0.061 0.01)
(0.025 0.061 0.01)
(0.026 0.061 0.01)
(0.027 0.061 0.01)
(0.028 0.061 0.01)
(0.029 0.061 0.01)
(0.03 0.061 0.01)
(0.031 0.061 0.01)
(0.032 0.061 0.01)
(0.033 0.061 0.01)
(0.034 0.061 0.01)
(0.035 0.061 0.01)
(0.036 0.061 0.01)
(0.037 0.061 0.01)
(0.038 0.061 0.01)
(0.039 0.061 0.01)
(0.04 0.061 0.01)
(0.041 0.061 0.01)
(0.042 0.061 0.01)
(0.043 0.061 0.01)
(0.044 0.061 0.01)
(0 0.062 0.01)
(0.001 0.062 0.01)
(0.002 0.062 0.01)
(0.003 0.062 0.01)
(0.004 0.062 0.01)
(0.005 0.062 0.01)
(0.006 0.062 0.01)
(0.007 0.062 0.01)
(0.008 0.062 0.01)
(0.009 0.062 0.01)
(0.01 0.062 0.01)
(0.011 0.062 0.01)
(0.012 0.062 0.01)
(0.013 0.062 0.01)
(0.014 0.062 0.01)
(0.015 0.062 0.01)
(0.016 0.062 0.01)
(0.017 0.062 0.01)
(0.018 0.062 0.01)
(0.019 0.062 0.01)
(0.02 0.062 0.01)
(0.021 0.062 0.01)
(0.022 0.062 0.01)
(0.023 0.062 0.01)
(0.024 0.062 0.01)
(0.025 0.062 0.01)
(0.026 0.062 0.01)
(0.027 0.062 0.01)
(0.028 0.062 0.01)
(0.029 0.062 0.01)
(0.03 0.062 0.01)
(0.031 0.062 0.01)
(0.032 0.062 0.01)
(0.033 0.062 0.01)
(0.034 0.062 0.01)
(0.035 0.062 0.01)
(0.036 0.062 0.01)
(0.037 0.062 0.01)
(0.038 0.062 0.01)
(0.039 0.062 0.01)
(0.04 0.062 0.01)
(0.041 0.062 0.01)
(0.042 0.062 0.01)
(0.043 0.062 0.01)
(0.044 0.062 0.01)
(0 0.063 0.01)
(0.001 0.063 0.01)
(0.002 0.063 0.01)
(0.003 0.063 0.01)
(0.004 0.063 0.01)
(0.005 0.063 0.01)
(0.006 0.063 0.01)
(0.007 0.063 0.01)
(0.008 0.063 0.01)
(0.009 0.063 0.01)
(0.01 0.063 0.01)
(0.011 0.063 0.01)
(0.012 0.063 0.01)
(0.013 0.063 0.01)
(0.014 0.063 0.01)
(0.015 0.063 0.01)
(0.016 0.063 0.01)
(0.017 0.063 0.01)
(0.018 0.063 0.01)
(0.019 0.063 0.01)
(0.02 0.063 0.01)
(0.021 0.063 0.01)
(0.022 0.063 0.01)
(0.023 0.063 0.01)
(0.024 0.063 0.01)
(0.025 0.063 0.01)
(0.026 0.063 0.01)
(0.027 0.063 0.01)
(0.028 0.063 0.01)
(0.029 0.063 0.01)
(0.03 0.063 0.01)
(0.031 0.063 0.01)
(0.032 0.063 0.01)
(0.033 0.063 0.01)
(0.034 0.063 0.01)
(0.035 0.063 0.01)
(0.036 0.063 0.01)
(0.037 0.063 0.01)
(0.038 0.063 0.01)
(0.039 0.063 0.01)
(0.04 0.063 0.01)
(0.041 0.063 0.01)
(0.042 0.063 0.01)
(0.043 0.063 0.01)
(0.044 0.063 0.01)
(0 0.064 0.01)
(0.001 0.064 0.01)
(0.002 0.064 0.01)
(0.003 0.064 0.01)
(0.004 0.064 0.01)
(0.005 0.064 0.01)
(0.006 0.064 0.01)
(0.007 0.064 0.01)
(0.008 0.064 0.01)
(0.009 0.064 0.01)
(0.01 0.064 0.01)
(0.011 0.064 0.01)
(0.012 0.064 0.01)
(0.013 0.064 0.01)
(0.014 0.064 0.01)
(0.015 0.064 0.01)
(0.016 0.064 0.01)
(0.017 0.064 0.01)
(0.018 0.064 0.01)
(0.019 0.064 0.01)
(0.02 0.064 0.01)
(0.021 0.064 0.01)
(0.022 0.064 0.01)
(0.023 0.064 0.01)
(0.024 0.064 0.01)
(0.025 0.064 0.01)
(0.026 0.064 0.01)
(0.027 0.064 0.01)
(0.028 0.064 0.01)
(0.029 0.064 0.01)
(0.03 0.064 0.01)
(0.031 0.064 0.01)
(0.032 0.064 0.01)
(0.033 0.064 0.01)
(0.034 0.064 0.01)
(0.035 0.064 0.01)
(0.036 0.064 0.01)
(0.037 0.064 0.01)
(0.038 0.064 0.01)
(0.039 0.064 0.01)
(0.04 0.064 0.01)
(0.041 0.064 0.01)
(0.042 0.064 0.01)
(0.043 0.064 0.01)
(0.044 0.064 0.01)
(0 0.065 0.01)
(0.001 0.065 0.01)
(0.002 0.065 0.01)
(0.003 0.065 0.01)
(0.004 0.065 0.01)
(0.005 0.065 0.01)
(0.006 0.065 0.01)
(0.007 0.065 0.01)
(0.008 0.065 0.01)
(0.009 0.065 0.01)
(0.01 0.065 0.01)
(0.011 0.065 0.01)
(0.012 0.065 0.01)
(0.013 0.065 0.01)
(0.014 0.065 0.01)
(0.015 0.065 0.01)
(0.016 0.065 0.01)
(0.017 0.065 0.01)
(0.018 0.065 0.01)
(0.019 0.065 0.01)
(0.02 0.065 0.01)
(0.021 0.065 0.01)
(0.022 0.065 0.01)
(0.023 0.065 0.01)
(0.024 0.065 0.01)
(0.025 0.065 0.01)
(0.026 0.065 0.01)
(0.027 0.065 0.01)
(0.028 0.065 0.01)
(0.029 0.065 0.01)
(0.03 0.065 0.01)
(0.031 0.065 0.01)
(0.032 0.065 0.01)
(0.033 0.065 0.01)
(0.034 0.065 0.01)
(0.035 0.065 0.01)
(0.036 0.065 0.01)
(0.037 0.065 0.01)
(0.038 0.065 0.01)
(0.039 0.065 0.01)
(0.04 0.065 0.01)
(0.041 0.065 0.01)
(0.042 0.065 0.01)
(0.043 0.065 0.01)
(0.044 0.065 0.01)
(0 0.066 0.01)
(0.001 0.066 0.01)
(0.002 0.066 0.01)
(0.003 0.066 0.01)
(0.004 0.066 0.01)
(0.005 0.066 0.01)
(0.006 0.066 0.01)
(0.007 0.066 0.01)
(0.008 0.066 0.01)
(0.009 0.066 0.01)
(0.01 0.066 0.01)
(0.011 0.066 0.01)
(0.012 0.066 0.01)
(0.013 0.066 0.01)
(0.014 0.066 0.01)
(0.015 0.066 0.01)
(0.016 0.066 0.01)
(0.017 0.066 0.01)
(0.018 0.066 0.01)
(0.019 0.066 0.01)
(0.02 0.066 0.01)
(0.021 0.066 0.01)
(0.022 0.066 0.01)
(0.023 0.066 0.01)
(0.024 0.066 0.01)
(0.025 0.066 0.01)
(0.026 0.066 0.01)
(0.027 0.066 0.01)
(0.028 0.066 0.01)
(0.029 0.066 0.01)
(0.03 0.066 0.01)
(0.031 0.066 0.01)
(0.032 0.066 0.01)
(0.033 0.066 0.01)
(0.034 0.066 0.01)
(0.035 0.066 0.01)
(0.036 0.066 0.01)
(0.037 0.066 0.01)
(0.038 0.066 0.01)
(0.039 0.066 0.01)
(0.04 0.066 0.01)
(0.041 0.066 0.01)
(0.042 0.066 0.01)
(0.043 0.066 0.01)
(0.044 0.066 0.01)
(0 0.067 0.01)
(0.001 0.067 0.01)
(0.002 0.067 0.01)
(0.003 0.067 0.01)
(0.004 0.067 0.01)
(0.005 0.067 0.01)
(0.006 0.067 0.01)
(0.007 0.067 0.01)
(0.008 0.067 0.01)
(0.009 0.067 0.01)
(0.01 0.067 0.01)
(0.011 0.067 0.01)
(0.012 0.067 0.01)
(0.013 0.067 0.01)
(0.014 0.067 0.01)
(0.015 0.067 0.01)
(0.016 0.067 0.01)
(0.017 0.067 0.01)
(0.018 0.067 0.01)
(0.019 0.067 0.01)
(0.02 0.067 0.01)
(0.021 0.067 0.01)
(0.022 0.067 0.01)
(0.023 0.067 0.01)
(0.024 0.067 0.01)
(0.025 0.067 0.01)
(0.026 0.067 0.01)
(0.027 0.067 0.01)
(0.028 0.067 0.01)
(0.029 0.067 0.01)
(0.03 0.067 0.01)
(0.031 0.067 0.01)
(0.032 0.067 0.01)
(0.033 0.067 0.01)
(0.034 0.067 0.01)
(0.035 0.067 0.01)
(0.036 0.067 0.01)
(0.037 0.067 0.01)
(0.038 0.067 0.01)
(0.039 0.067 0.01)
(0.04 0.067 0.01)
(0.041 0.067 0.01)
(0.042 0.067 0.01)
(0.043 0.067 0.01)
(0.044 0.067 0.01)
(0 0.068 0.01)
(0.001 0.068 0.01)
(0.002 0.068 0.01)
(0.003 0.068 0.01)
(0.004 0.068 0.01)
(0.005 0.068 0.01)
(0.006 0.068 0.01)
(0.007 0.068 0.01)
(0.008 0.068 0.01)
(0.009 0.068 0.01)
(0.01 0.068 0.01)
(0.011 0.068 0.01)
(0.012 0.068 0.01)
(0.013 0.068 0.01)
(0.014 0.068 0.01)
(0.015 0.068 0.01)
(0.016 0.068 0.01)
(0.017 0.068 0.01)
(0.018 0.068 0.01)
(0.019 0.068 0.01)
(0.02 0.068 0.01)
(0.021 0.068 0.01)
(0.022 0.068 0.01)
(0.023 0.068 0.01)
(0.024 0.068 0.01)
(0.025 0.068 0.01)
(0.026 0.068 0.01)
(0.027 0.068 0.01)
(0.028 0.068 0.01)
(0.029 0.068 0.01)
(0.03 0.068 0.01)
(0.031 0.068 0.01)
(0.032 0.068 0.01)
(0.033 0.068 0.01)
(0.034 0.068 0.01)
(0.035 0.068 0.01)
(0.036 0.068 0.01)
(0.037 0.068 0.01)
(0.038 0.068 0.01)
(0.039 0.068 0.01)
(0.04 0.068 0.01)
(0.041 0.068 0.01)
(0.042 0.068 0.01)
(0.043 0.068 0.01)
(0.044 0.068 0.01)
(0 0.069 0.01)
(0.001 0.069 0.01)
(0.002 0.069 0.01)
(0.003 0.069 0.01)
(0.004 0.069 0.01)
(0.005 0.069 0.01)
(0.006 0.069 0.01)
(0.007 0.069 0.01)
(0.008 0.069 0.01)
(0.009 0.069 0.01)
(0.01 0.069 0.01)
(0.011 0.069 0.01)
(0.012 0.069 0.01)
(0.013 0.069 0.01)
(0.014 0.069 0.01)
(0.015 0.069 0.01)
(0.016 0.069 0.01)
(0.017 0.069 0.01)
(0.018 0.069 0.01)
(0.019 0.069 0.01)
(0.02 0.069 0.01)
(0.021 0.069 0.01)
(0.022 0.069 0.01)
(0.023 0.069 0.01)
(0.024 0.069 0.01)
(0.025 0.069 0.01)
(0.026 0.069 0.01)
(0.027 0.069 0.01)
(0.028 0.069 0.01)
(0.029 0.069 0.01)
(0.03 0.069 0.01)
(0.031 0.069 0.01)
(0.032 0.069 0.01)
(0.033 0.069 0.01)
(0.034 0.069 0.01)
(0.035 0.069 0.01)
(0.036 0.069 0.01)
(0.037 0.069 0.01)
(0.038 0.069 0.01)
(0.039 0.069 0.01)
(0.04 0.069 0.01)
(0.041 0.069 0.01)
(0.042 0.069 0.01)
(0.043 0.069 0.01)
(0.044 0.069 0.01)
(0 0.07 0.01)
(0.001 0.07 0.01)
(0.002 0.07 0.01)
(0.003 0.07 0.01)
(0.004 0.07 0.01)
(0.005 0.07 0.01)
(0.006 0.07 0.01)
(0.007 0.07 0.01)
(0.008 0.07 0.01)
(0.009 0.07 0.01)
(0.01 0.07 0.01)
(0.011 0.07 0.01)
(0.012 0.07 0.01)
(0.013 0.07 0.01)
(0.014 0.07 0.01)
(0.015 0.07 0.01)
(0.016 0.07 0.01)
(0.017 0.07 0.01)
(0.018 0.07 0.01)
(0.019 0.07 0.01)
(0.02 0.07 0.01)
(0.021 0.07 0.01)
(0.022 0.07 0.01)
(0.023 0.07 0.01)
(0.024 0.07 0.01)
(0.025 0.07 0.01)
(0.026 0.07 0.01)
(0.027 0.07 0.01)
(0.028 0.07 0.01)
(0.029 0.07 0.01)
(0.03 0.07 0.01)
(0.031 0.07 0.01)
(0.032 0.07 0.01)
(0.033 0.07 0.01)
(0.034 0.07 0.01)
(0.035 0.07 0.01)
(0.036 0.07 0.01)
(0.037 0.07 0.01)
(0.038 0.07 0.01)
(0.039 0.07 0.01)
(0.04 0.07 0.01)
(0.041 0.07 0.01)
(0.042 0.07 0.01)
(0.043 0.07 0.01)
(0.044 0.07 0.01)
(0 0.071 0.01)
(0.001 0.071 0.01)
(0.002 0.071 0.01)
(0.003 0.071 0.01)
(0.004 0.071 0.01)
(0.005 0.071 0.01)
(0.006 0.071 0.01)
(0.007 0.071 0.01)
(0.008 0.071 0.01)
(0.009 0.071 0.01)
(0.01 0.071 0.01)
(0.011 0.071 0.01)
(0.012 0.071 0.01)
(0.013 0.071 0.01)
(0.014 0.071 0.01)
(0.015 0.071 0.01)
(0.016 0.071 0.01)
(0.017 0.071 0.01)
(0.018 0.071 0.01)
(0.019 0.071 0.01)
(0.02 0.071 0.01)
(0.021 0.071 0.01)
(0.022 0.071 0.01)
(0.023 0.071 0.01)
(0.024 0.071 0.01)
(0.025 0.071 0.01)
(0.026 0.071 0.01)
(0.027 0.071 0.01)
(0.028 0.071 0.01)
(0.029 0.071 0.01)
(0.03 0.071 0.01)
(0.031 0.071 0.01)
(0.032 0.071 0.01)
(0.033 0.071 0.01)
(0.034 0.071 0.01)
(0.035 0.071 0.01)
(0.036 0.071 0.01)
(0.037 0.071 0.01)
(0.038 0.071 0.01)
(0.039 0.071 0.01)
(0.04 0.071 0.01)
(0.041 0.071 0.01)
(0.042 0.071 0.01)
(0.043 0.071 0.01)
(0.044 0.071 0.01)
(0 0.072 0.01)
(0.001 0.072 0.01)
(0.002 0.072 0.01)
(0.003 0.072 0.01)
(0.004 0.072 0.01)
(0.005 0.072 0.01)
(0.006 0.072 0.01)
(0.007 0.072 0.01)
(0.008 0.072 0.01)
(0.009 0.072 0.01)
(0.01 0.072 0.01)
(0.011 0.072 0.01)
(0.012 0.072 0.01)
(0.013 0.072 0.01)
(0.014 0.072 0.01)
(0.015 0.072 0.01)
(0.016 0.072 0.01)
(0.017 0.072 0.01)
(0.018 0.072 0.01)
(0.019 0.072 0.01)
(0.02 0.072 0.01)
(0.021 0.072 0.01)
(0.022 0.072 0.01)
(0.023 0.072 0.01)
(0.024 0.072 0.01)
(0.025 0.072 0.01)
(0.026 0.072 0.01)
)


// ************************************************************************* //
