/*--------------------------------*- C++ -*----------------------------------*\
  =========                 |
  \\      /  F ield         | OpenFOAM: The Open Source CFD Toolbox
   \\    /   O peration     | Website:  https://openfoam.org
    \\  /    A nd           | Version:  9
     \\/     M anipulation  |
\*---------------------------------------------------------------------------*/
FoamFile
{
    format      ascii;
    class       labelList;
    note        "nPoints: 2628 nCells: 1240 nFaces: 5033 nInternalFaces: 2407";
    location    "constant/polyMesh";
    object      owner;
}
// * * * * * * * * * * * * * * * * * * * * * * * * * * * * * * * * * * * * * //


5033
(
0
0
1
1
2
2
3
3
4
4
5
5
6
6
7
7
8
8
9
9
10
10
11
11
12
12
13
13
14
14
15
15
16
16
17
17
18
18
19
19
20
20
21
21
22
22
23
23
24
24
25
25
26
26
27
27
28
28
29
29
30
30
31
31
32
32
33
33
34
34
35
35
36
36
37
38
38
39
39
40
40
41
41
42
42
43
43
44
44
45
45
46
46
47
47
48
48
49
49
50
50
51
51
52
52
53
53
54
54
55
55
56
56
57
57
58
58
59
59
60
60
61
61
62
62
63
63
64
64
65
65
66
66
67
67
68
68
69
69
70
70
71
71
72
72
73
73
74
74
75
76
76
77
77
78
78
79
79
80
80
81
81
82
82
83
83
84
84
85
85
86
86
87
87
88
88
89
89
90
90
91
91
92
92
93
93
94
94
95
95
96
96
97
97
98
98
99
99
100
100
101
101
102
102
103
103
104
104
105
105
106
106
107
107
108
108
109
109
110
110
111
111
112
112
113
114
114
115
115
116
116
117
117
118
118
119
119
120
120
121
121
122
122
123
123
124
124
125
125
126
126
127
127
128
128
129
129
130
130
131
131
132
132
133
133
134
134
135
135
136
136
137
137
138
138
139
139
140
140
141
141
142
142
143
143
144
144
145
145
146
146
147
147
148
148
149
149
150
150
151
152
152
153
153
154
154
155
155
156
156
157
157
158
158
159
159
160
160
161
161
162
162
163
163
164
164
165
165
166
166
167
167
168
168
169
169
170
170
171
171
172
172
173
173
174
174
175
175
176
176
177
177
178
178
179
179
180
180
181
181
182
182
183
183
184
184
185
185
186
186
187
187
188
188
189
190
190
191
191
192
192
193
193
194
194
195
195
196
196
197
197
198
198
199
199
200
200
201
201
202
202
203
203
204
204
205
205
206
206
207
207
208
208
209
209
210
210
211
211
212
212
213
213
214
214
215
215
216
216
217
217
218
218
219
219
220
220
221
221
222
222
223
223
224
224
225
225
226
226
227
228
228
229
229
230
230
231
231
232
232
233
233
234
234
235
235
236
236
237
237
238
238
239
239
240
240
241
241
242
242
243
243
244
244
245
245
246
246
247
247
248
248
249
249
250
250
251
251
252
252
253
253
254
254
255
255
256
256
257
257
258
258
259
259
260
260
261
261
262
262
263
263
264
264
265
266
266
267
267
268
268
269
269
270
270
271
271
272
272
273
273
274
274
275
275
276
276
277
277
278
278
279
279
280
280
281
281
282
282
283
283
284
284
285
285
286
286
287
287
288
288
289
289
290
290
291
291
292
292
293
293
294
294
295
295
296
296
297
297
298
298
299
299
300
300
301
301
302
302
303
304
304
305
305
306
306
307
307
308
308
309
309
310
310
311
311
312
312
313
313
314
314
315
315
316
316
317
317
318
318
319
319
320
320
321
321
322
322
323
323
324
324
325
325
326
326
327
327
328
328
329
329
330
330
331
331
332
332
333
333
334
334
335
335
336
336
337
337
338
338
339
339
340
340
341
341
342
342
343
344
344
345
345
346
346
347
347
348
348
349
349
350
350
351
351
352
352
353
353
354
354
355
355
356
356
357
357
358
358
359
359
360
360
361
361
362
362
363
363
364
364
365
365
366
366
367
367
368
368
369
369
370
370
371
371
372
372
373
373
374
374
375
375
376
376
377
377
378
378
379
379
380
380
381
381
382
382
383
383
384
384
385
386
386
387
387
388
388
389
389
390
390
391
391
392
392
393
393
394
394
395
395
396
396
397
397
398
398
399
399
400
400
401
401
402
402
403
403
404
404
405
405
406
406
407
407
408
408
409
409
410
410
411
411
412
412
413
413
414
414
415
415
416
416
417
417
418
418
419
419
420
420
421
421
422
422
423
423
424
424
425
425
426
426
427
428
428
429
429
430
430
431
431
432
432
433
433
434
434
435
435
436
436
437
437
438
438
439
439
440
440
441
441
442
442
443
443
444
444
445
445
446
446
447
447
448
448
449
449
450
450
451
451
452
452
453
453
454
454
455
455
456
456
457
457
458
458
459
459
460
460
461
461
462
462
463
463
464
464
465
465
466
466
467
467
468
468
469
470
470
471
471
472
472
473
473
474
474
475
475
476
476
477
477
478
478
479
479
480
480
481
481
482
482
483
483
484
484
485
485
486
486
487
487
488
488
489
489
490
490
491
491
492
492
493
493
494
494
495
495
496
496
497
497
498
498
499
499
500
500
501
501
502
502
503
503
504
504
505
505
506
506
507
507
508
508
509
509
510
510
511
512
512
513
513
514
514
515
515
516
516
517
517
518
518
519
519
520
520
521
521
522
522
523
523
524
524
525
525
526
526
527
527
528
528
529
529
530
530
531
531
532
532
533
533
534
534
535
535
536
536
537
537
538
538
539
539
540
540
541
541
542
542
543
543
544
544
545
545
546
546
547
547
548
548
549
549
550
550
551
551
552
552
553
554
554
555
555
556
556
557
557
558
558
559
559
560
560
561
561
562
562
563
563
564
564
565
565
566
566
567
567
568
568
569
569
570
570
571
571
572
572
573
573
574
574
575
575
576
576
577
577
578
578
579
579
580
580
581
581
582
582
583
583
584
584
585
585
586
586
587
587
588
588
589
589
590
590
591
591
592
592
593
593
594
594
595
596
596
597
597
598
598
599
599
600
600
601
601
602
602
603
603
604
604
605
605
606
606
607
607
608
608
609
609
610
610
611
611
612
612
613
613
614
614
615
615
616
616
617
617
618
618
619
619
620
620
621
621
622
622
623
623
624
624
625
625
626
626
627
627
628
628
629
629
630
630
631
631
632
632
633
633
634
634
635
635
636
636
637
638
638
639
639
640
640
641
641
642
642
643
643
644
644
645
645
646
646
647
647
648
648
649
649
650
650
651
651
652
652
653
653
654
654
655
655
656
656
657
657
658
658
659
659
660
660
661
661
662
662
663
663
664
664
665
665
666
666
667
667
668
668
669
669
670
670
671
671
672
672
673
673
674
674
675
675
676
676
677
677
678
678
679
680
680
681
681
682
682
683
683
684
684
685
685
686
686
687
687
688
688
689
689
690
690
691
691
692
692
693
693
694
694
695
695
696
696
697
697
698
698
699
699
700
700
701
701
702
702
703
703
704
704
705
705
706
706
707
707
708
708
709
709
710
710
711
711
712
712
713
713
714
714
715
715
716
716
717
717
718
718
719
719
720
720
721
722
722
723
723
724
724
725
725
726
726
727
727
728
728
729
729
730
730
731
731
732
732
733
733
734
734
735
735
736
736
737
737
738
738
739
739
740
740
741
741
742
742
743
743
744
744
745
745
746
746
747
747
748
748
749
749
750
750
751
751
752
752
753
753
754
754
755
755
756
756
757
757
758
758
759
759
760
760
761
761
762
762
763
764
764
765
765
766
766
767
767
768
768
769
769
770
770
771
771
772
772
773
773
774
774
775
775
776
776
777
777
778
778
779
779
780
780
781
781
782
782
783
783
784
784
785
785
786
786
787
787
788
788
789
789
790
790
791
791
792
792
793
793
794
794
795
795
796
796
797
797
798
798
799
799
800
800
801
801
802
802
803
803
804
804
805
806
806
807
807
808
808
809
809
810
810
811
811
812
812
813
813
814
814
815
815
816
816
817
817
818
818
819
819
820
820
821
821
822
822
823
823
824
824
825
825
826
826
827
827
828
828
829
829
830
830
831
831
832
832
833
833
834
834
835
835
836
836
837
837
838
838
839
839
840
840
841
841
842
842
843
843
844
844
845
845
846
846
847
848
848
849
849
850
850
851
851
852
852
853
853
854
854
855
855
856
856
857
857
858
858
859
859
860
860
861
861
862
862
863
863
864
864
865
865
866
866
867
867
868
868
869
869
870
870
871
871
872
872
873
873
874
874
875
875
876
876
877
877
878
878
879
879
880
880
881
881
882
882
883
883
884
884
885
885
886
886
887
887
888
888
889
890
890
891
891
892
892
893
893
894
894
895
895
896
896
897
897
898
898
899
899
900
900
901
901
902
902
903
903
904
904
905
905
906
906
907
907
908
908
909
909
910
910
911
911
912
912
913
913
914
914
915
915
916
916
917
917
918
918
919
919
920
920
921
921
922
922
923
923
924
924
925
925
926
926
927
927
928
928
929
929
930
930
931
932
932
933
933
934
934
935
935
936
936
937
937
938
938
939
939
940
940
941
941
942
942
943
943
944
944
945
945
946
946
947
947
948
948
949
949
950
950
951
951
952
952
953
953
954
954
955
955
956
956
957
957
958
958
959
959
960
960
961
961
962
962
963
963
964
964
965
965
966
966
967
967
968
968
969
969
970
970
971
971
972
972
973
974
974
975
975
976
976
977
977
978
978
979
979
980
980
981
981
982
982
983
983
984
984
985
985
986
986
987
987
988
988
989
989
990
990
991
991
992
992
993
993
994
994
995
995
996
996
997
997
998
998
999
999
1000
1000
1001
1001
1002
1002
1003
1003
1004
1004
1005
1005
1006
1006
1007
1007
1008
1008
1009
1009
1010
1010
1011
1011
1012
1012
1013
1013
1014
1014
1015
1016
1016
1017
1017
1018
1018
1019
1019
1020
1020
1021
1021
1022
1022
1023
1023
1024
1024
1025
1025
1026
1026
1027
1027
1028
1028
1029
1029
1030
1030
1031
1031
1032
1032
1033
1033
1034
1034
1035
1035
1036
1036
1037
1037
1038
1038
1039
1039
1040
1040
1041
1041
1042
1042
1043
1043
1044
1044
1045
1045
1046
1046
1047
1047
1048
1048
1049
1049
1050
1050
1051
1051
1052
1052
1053
1053
1054
1054
1055
1055
1056
1056
1057
1058
1058
1059
1059
1060
1060
1061
1061
1062
1062
1063
1063
1064
1064
1065
1065
1066
1066
1067
1067
1068
1068
1069
1069
1070
1070
1071
1071
1072
1072
1073
1073
1074
1074
1075
1075
1076
1076
1077
1077
1078
1078
1079
1079
1080
1080
1081
1081
1082
1082
1083
1083
1084
1084
1085
1085
1086
1086
1087
1087
1088
1088
1089
1089
1090
1090
1091
1091
1092
1092
1093
1093
1094
1094
1095
1095
1096
1096
1097
1097
1098
1098
1099
1100
1100
1101
1101
1102
1102
1103
1103
1104
1104
1105
1105
1106
1106
1107
1107
1108
1108
1109
1109
1110
1110
1111
1111
1112
1112
1113
1113
1114
1114
1115
1115
1116
1116
1117
1117
1118
1118
1119
1119
1120
1120
1121
1121
1122
1122
1123
1123
1124
1124
1125
1125
1126
1126
1127
1127
1128
1128
1129
1129
1130
1130
1131
1131
1132
1132
1133
1133
1134
1134
1135
1135
1136
1136
1137
1137
1138
1138
1139
1139
1140
1140
1141
1142
1142
1143
1143
1144
1144
1145
1145
1146
1146
1147
1147
1148
1148
1149
1149
1150
1150
1151
1151
1152
1152
1153
1153
1154
1154
1155
1155
1156
1156
1157
1157
1158
1158
1159
1159
1160
1160
1161
1161
1162
1162
1163
1163
1164
1164
1165
1165
1166
1166
1167
1167
1168
1168
1169
1169
1170
1170
1171
1171
1172
1172
1173
1173
1174
1174
1175
1175
1176
1176
1177
1177
1178
1178
1179
1179
1180
1180
1181
1181
1182
1182
1183
1184
1185
1185
1186
1186
1187
1187
1188
1188
1189
1189
1190
1190
1191
1191
1192
1192
1193
1193
1194
1194
1195
1195
1196
1196
1197
1197
1198
1198
1199
1200
1201
1202
1203
1204
1205
1206
1207
1208
1209
1210
1211
1212
1213
1214
1215
1216
1217
1218
1219
1220
1221
1222
1223
1224
1226
1227
1228
1229
1230
1231
1232
1233
1234
1235
1236
1237
1238
37
75
113
151
189
227
265
303
343
385
427
469
511
553
595
637
679
721
763
805
847
889
931
973
1015
1057
1099
1141
1183
1225
0
1
2
3
4
5
6
7
8
9
10
11
12
13
14
15
16
17
18
19
20
21
22
23
24
25
26
27
28
29
30
31
32
33
34
35
36
37
344
386
428
470
512
554
596
638
680
722
764
806
848
890
932
974
1016
1058
1100
1142
1184
345
387
429
471
513
555
597
639
681
723
765
807
849
891
933
975
1017
1059
1101
1143
1185
1226
304
346
388
430
472
514
556
598
640
682
724
766
808
850
892
934
976
1018
1060
1102
1144
1186
1227
305
347
389
431
473
515
557
599
641
683
725
767
809
851
893
935
977
1019
1061
1103
1145
1187
1228
0
38
76
114
152
190
228
266
306
348
390
432
474
516
558
600
642
684
726
768
810
852
894
936
978
1020
1062
1104
1146
1188
1229
1
39
77
115
153
191
229
267
307
349
391
433
475
517
559
601
643
685
727
769
811
853
895
937
979
1021
1063
1105
1147
1189
1230
2
40
78
116
154
192
230
268
308
350
392
434
476
518
560
602
644
686
728
770
812
854
896
938
980
1022
1064
1106
1148
1190
1231
3
41
79
117
155
193
231
269
309
351
393
435
477
519
561
603
645
687
729
771
813
855
897
939
981
1023
1065
1107
1149
1191
1232
4
42
80
118
156
194
232
270
310
352
394
436
478
520
562
604
646
688
730
772
814
856
898
940
982
1024
1066
1108
1150
1192
1233
5
43
81
119
157
195
233
271
311
353
395
437
479
521
563
605
647
689
731
773
815
857
899
941
983
1025
1067
1109
1151
1193
1234
6
44
82
120
158
196
234
272
312
354
396
438
480
522
564
606
648
690
732
774
816
858
900
942
984
1026
1068
1110
1152
1194
1235
7
45
83
121
159
197
235
273
313
355
397
439
481
523
565
607
649
691
733
775
817
859
901
943
985
1027
1069
1111
1153
1195
1236
8
46
84
122
160
198
236
274
314
356
398
440
482
524
566
608
650
692
734
776
818
860
902
944
986
1028
1070
1112
1154
1196
1237
9
47
85
123
161
199
237
275
315
357
399
441
483
525
567
609
651
693
735
777
819
861
903
945
987
1029
1071
1113
1155
1197
1238
10
48
86
124
162
200
238
276
316
358
400
442
484
526
568
610
652
694
736
778
820
862
904
946
988
1030
1072
1114
1156
1198
1239
11
49
87
125
163
201
239
277
317
359
401
443
485
527
569
611
653
695
737
779
821
863
905
947
989
1031
1073
1115
1157
1199
12
50
88
126
164
202
240
278
318
360
402
444
486
528
570
612
654
696
738
780
822
864
906
948
990
1032
1074
1116
1158
1200
13
51
89
127
165
203
241
279
319
361
403
445
487
529
571
613
655
697
739
781
823
865
907
949
991
1033
1075
1117
1159
1201
14
52
90
128
166
204
242
280
320
362
404
446
488
530
572
614
656
698
740
782
824
866
908
950
992
1034
1076
1118
1160
1202
15
53
91
129
167
205
243
281
321
363
405
447
489
531
573
615
657
699
741
783
825
867
909
951
993
1035
1077
1119
1161
1203
16
54
92
130
168
206
244
282
322
364
406
448
490
532
574
616
658
700
742
784
826
868
910
952
994
1036
1078
1120
1162
1204
17
55
93
131
169
207
245
283
323
365
407
449
491
533
575
617
659
701
743
785
827
869
911
953
995
1037
1079
1121
1163
1205
18
56
94
132
170
208
246
284
324
366
408
450
492
534
576
618
660
702
744
786
828
870
912
954
996
1038
1080
1122
1164
1206
19
57
95
133
171
209
247
285
325
367
409
451
493
535
577
619
661
703
745
787
829
871
913
955
997
1039
1081
1123
1165
1207
20
58
96
134
172
210
248
286
326
368
410
452
494
536
578
620
662
704
746
788
830
872
914
956
998
1040
1082
1124
1166
1208
21
59
97
135
173
211
249
287
327
369
411
453
495
537
579
621
663
705
747
789
831
873
915
957
999
1041
1083
1125
1167
1209
22
60
98
136
174
212
250
288
328
370
412
454
496
538
580
622
664
706
748
790
832
874
916
958
1000
1042
1084
1126
1168
1210
23
61
99
137
175
213
251
289
329
371
413
455
497
539
581
623
665
707
749
791
833
875
917
959
1001
1043
1085
1127
1169
1211
24
62
100
138
176
214
252
290
330
372
414
456
498
540
582
624
666
708
750
792
834
876
918
960
1002
1044
1086
1128
1170
1212
25
63
101
139
177
215
253
291
331
373
415
457
499
541
583
625
667
709
751
793
835
877
919
961
1003
1045
1087
1129
1171
1213
26
64
102
140
178
216
254
292
332
374
416
458
500
542
584
626
668
710
752
794
836
878
920
962
1004
1046
1088
1130
1172
1214
27
65
103
141
179
217
255
293
333
375
417
459
501
543
585
627
669
711
753
795
837
879
921
963
1005
1047
1089
1131
1173
1215
28
66
104
142
180
218
256
294
334
376
418
460
502
544
586
628
670
712
754
796
838
880
922
964
1006
1048
1090
1132
1174
1216
29
67
105
143
181
219
257
295
335
377
419
461
503
545
587
629
671
713
755
797
839
881
923
965
1007
1049
1091
1133
1175
1217
30
68
106
144
182
220
258
296
336
378
420
462
504
546
588
630
672
714
756
798
840
882
924
966
1008
1050
1092
1134
1176
1218
31
69
107
145
183
221
259
297
337
379
421
463
505
547
589
631
673
715
757
799
841
883
925
967
1009
1051
1093
1135
1177
1219
32
70
108
146
184
222
260
298
338
380
422
464
506
548
590
632
674
716
758
800
842
884
926
968
1010
1052
1094
1136
1178
1220
33
71
109
147
185
223
261
299
339
381
423
465
507
549
591
633
675
717
759
801
843
885
927
969
1011
1053
1095
1137
1179
1221
34
72
110
148
186
224
262
300
340
382
424
466
508
550
592
634
676
718
760
802
844
886
928
970
1012
1054
1096
1138
1180
1222
35
73
111
149
187
225
263
301
341
383
425
467
509
551
593
635
677
719
761
803
845
887
929
971
1013
1055
1097
1139
1181
1223
36
74
112
150
188
226
264
302
342
384
426
468
510
552
594
636
678
720
762
804
846
888
930
972
1014
1056
1098
1140
1182
1224
37
75
113
151
189
227
265
303
343
385
427
469
511
553
595
637
679
721
763
805
847
889
931
973
1015
1057
1099
1141
1183
1225
344
386
428
470
512
554
596
638
680
722
764
806
848
890
932
974
1016
1058
1100
1142
1184
345
387
429
471
513
555
597
639
681
723
765
807
849
891
933
975
1017
1059
1101
1143
1185
1226
304
346
388
430
472
514
556
598
640
682
724
766
808
850
892
934
976
1018
1060
1102
1144
1186
1227
305
347
389
431
473
515
557
599
641
683
725
767
809
851
893
935
977
1019
1061
1103
1145
1187
1228
0
38
76
114
152
190
228
266
306
348
390
432
474
516
558
600
642
684
726
768
810
852
894
936
978
1020
1062
1104
1146
1188
1229
1
39
77
115
153
191
229
267
307
349
391
433
475
517
559
601
643
685
727
769
811
853
895
937
979
1021
1063
1105
1147
1189
1230
2
40
78
116
154
192
230
268
308
350
392
434
476
518
560
602
644
686
728
770
812
854
896
938
980
1022
1064
1106
1148
1190
1231
3
41
79
117
155
193
231
269
309
351
393
435
477
519
561
603
645
687
729
771
813
855
897
939
981
1023
1065
1107
1149
1191
1232
4
42
80
118
156
194
232
270
310
352
394
436
478
520
562
604
646
688
730
772
814
856
898
940
982
1024
1066
1108
1150
1192
1233
5
43
81
119
157
195
233
271
311
353
395
437
479
521
563
605
647
689
731
773
815
857
899
941
983
1025
1067
1109
1151
1193
1234
6
44
82
120
158
196
234
272
312
354
396
438
480
522
564
606
648
690
732
774
816
858
900
942
984
1026
1068
1110
1152
1194
1235
7
45
83
121
159
197
235
273
313
355
397
439
481
523
565
607
649
691
733
775
817
859
901
943
985
1027
1069
1111
1153
1195
1236
8
46
84
122
160
198
236
274
314
356
398
440
482
524
566
608
650
692
734
776
818
860
902
944
986
1028
1070
1112
1154
1196
1237
9
47
85
123
161
199
237
275
315
357
399
441
483
525
567
609
651
693
735
777
819
861
903
945
987
1029
1071
1113
1155
1197
1238
10
48
86
124
162
200
238
276
316
358
400
442
484
526
568
610
652
694
736
778
820
862
904
946
988
1030
1072
1114
1156
1198
1239
11
49
87
125
163
201
239
277
317
359
401
443
485
527
569
611
653
695
737
779
821
863
905
947
989
1031
1073
1115
1157
1199
12
50
88
126
164
202
240
278
318
360
402
444
486
528
570
612
654
696
738
780
822
864
906
948
990
1032
1074
1116
1158
1200
13
51
89
127
165
203
241
279
319
361
403
445
487
529
571
613
655
697
739
781
823
865
907
949
991
1033
1075
1117
1159
1201
14
52
90
128
166
204
242
280
320
362
404
446
488
530
572
614
656
698
740
782
824
866
908
950
992
1034
1076
1118
1160
1202
15
53
91
129
167
205
243
281
321
363
405
447
489
531
573
615
657
699
741
783
825
867
909
951
993
1035
1077
1119
1161
1203
16
54
92
130
168
206
244
282
322
364
406
448
490
532
574
616
658
700
742
784
826
868
910
952
994
1036
1078
1120
1162
1204
17
55
93
131
169
207
245
283
323
365
407
449
491
533
575
617
659
701
743
785
827
869
911
953
995
1037
1079
1121
1163
1205
18
56
94
132
170
208
246
284
324
366
408
450
492
534
576
618
660
702
744
786
828
870
912
954
996
1038
1080
1122
1164
1206
19
57
95
133
171
209
247
285
325
367
409
451
493
535
577
619
661
703
745
787
829
871
913
955
997
1039
1081
1123
1165
1207
20
58
96
134
172
210
248
286
326
368
410
452
494
536
578
620
662
704
746
788
830
872
914
956
998
1040
1082
1124
1166
1208
21
59
97
135
173
211
249
287
327
369
411
453
495
537
579
621
663
705
747
789
831
873
915
957
999
1041
1083
1125
1167
1209
22
60
98
136
174
212
250
288
328
370
412
454
496
538
580
622
664
706
748
790
832
874
916
958
1000
1042
1084
1126
1168
1210
23
61
99
137
175
213
251
289
329
371
413
455
497
539
581
623
665
707
749
791
833
875
917
959
1001
1043
1085
1127
1169
1211
24
62
100
138
176
214
252
290
330
372
414
456
498
540
582
624
666
708
750
792
834
876
918
960
1002
1044
1086
1128
1170
1212
25
63
101
139
177
215
253
291
331
373
415
457
499
541
583
625
667
709
751
793
835
877
919
961
1003
1045
1087
1129
1171
1213
26
64
102
140
178
216
254
292
332
374
416
458
500
542
584
626
668
710
752
794
836
878
920
962
1004
1046
1088
1130
1172
1214
27
65
103
141
179
217
255
293
333
375
417
459
501
543
585
627
669
711
753
795
837
879
921
963
1005
1047
1089
1131
1173
1215
28
66
104
142
180
218
256
294
334
376
418
460
502
544
586
628
670
712
754
796
838
880
922
964
1006
1048
1090
1132
1174
1216
29
67
105
143
181
219
257
295
335
377
419
461
503
545
587
629
671
713
755
797
839
881
923
965
1007
1049
1091
1133
1175
1217
30
68
106
144
182
220
258
296
336
378
420
462
504
546
588
630
672
714
756
798
840
882
924
966
1008
1050
1092
1134
1176
1218
31
69
107
145
183
221
259
297
337
379
421
463
505
547
589
631
673
715
757
799
841
883
925
967
1009
1051
1093
1135
1177
1219
32
70
108
146
184
222
260
298
338
380
422
464
506
548
590
632
674
716
758
800
842
884
926
968
1010
1052
1094
1136
1178
1220
33
71
109
147
185
223
261
299
339
381
423
465
507
549
591
633
675
717
759
801
843
885
927
969
1011
1053
1095
1137
1179
1221
34
72
110
148
186
224
262
300
340
382
424
466
508
550
592
634
676
718
760
802
844
886
928
970
1012
1054
1096
1138
1180
1222
35
73
111
149
187
225
263
301
341
383
425
467
509
551
593
635
677
719
761
803
845
887
929
971
1013
1055
1097
1139
1181
1223
36
74
112
150
188
226
264
302
342
384
426
468
510
552
594
636
678
720
762
804
846
888
930
972
1014
1056
1098
1140
1182
1224
37
75
113
151
189
227
265
303
343
385
427
469
511
553
595
637
679
721
763
805
847
889
931
973
1015
1057
1099
1141
1183
1225
0
38
76
114
152
190
228
304
266
305
344
304
345
344
386
428
470
512
554
596
638
680
722
764
806
848
890
932
974
1016
1058
1100
1142
1184
1184
1199
1200
1201
1202
1203
1204
1205
1206
1207
1208
1209
1210
1211
1212
1213
1214
1215
1216
1217
1218
1219
1220
1221
1222
1223
1224
1225
1226
1226
1227
1228
1229
1230
1231
1232
1233
1234
1235
1236
1237
1238
1239
1239
)


// ************************************************************************* //
