/*--------------------------------*- C++ -*----------------------------------*\
  =========                 |
  \\      /  F ield         | OpenFOAM: The Open Source CFD Toolbox
   \\    /   O peration     | Website:  https://openfoam.org
    \\  /    A nd           | Version:  9
     \\/     M anipulation  |
\*---------------------------------------------------------------------------*/
FoamFile
{
    format      ascii;
    class       vectorField;
    location    "constant/polyMesh";
    object      points;
}
// * * * * * * * * * * * * * * * * * * * * * * * * * * * * * * * * * * * * * //


2628
(
(0.062 0 0)
(0.063 0 0)
(0.064 0 0)
(0.065 0 0)
(0.066 0 0)
(0.067 0 0)
(0.068 0 0)
(0.069 0 0)
(0.07 0 0)
(0.071 0 0)
(0.072 0 0)
(0.073 0 0)
(0.074 0 0)
(0.075 0 0)
(0.076 0 0)
(0.077 0 0)
(0.078 0 0)
(0.079 0 0)
(0.08 0 0)
(0.081 0 0)
(0.082 0 0)
(0.083 0 0)
(0.084 0 0)
(0.085 0 0)
(0.086 0 0)
(0.087 0 0)
(0.088 0 0)
(0.089 0 0)
(0.09 0 0)
(0.091 0 0)
(0.092 0 0)
(0.093 0 0)
(0.094 0 0)
(0.095 0 0)
(0.096 0 0)
(0.097 0 0)
(0.098 0 0)
(0.099 0 0)
(0.1 0 0)
(0.062 0.001 0)
(0.063 0.001 0)
(0.064 0.001 0)
(0.065 0.001 0)
(0.066 0.001 0)
(0.067 0.001 0)
(0.068 0.001 0)
(0.069 0.001 0)
(0.07 0.001 0)
(0.071 0.001 0)
(0.072 0.001 0)
(0.073 0.001 0)
(0.074 0.001 0)
(0.075 0.001 0)
(0.076 0.001 0)
(0.077 0.001 0)
(0.078 0.001 0)
(0.079 0.001 0)
(0.08 0.001 0)
(0.081 0.001 0)
(0.082 0.001 0)
(0.083 0.001 0)
(0.084 0.001 0)
(0.085 0.001 0)
(0.086 0.001 0)
(0.087 0.001 0)
(0.088 0.001 0)
(0.089 0.001 0)
(0.09 0.001 0)
(0.091 0.001 0)
(0.092 0.001 0)
(0.093 0.001 0)
(0.094 0.001 0)
(0.095 0.001 0)
(0.096 0.001 0)
(0.097 0.001 0)
(0.098 0.001 0)
(0.099 0.001 0)
(0.1 0.001 0)
(0.062 0.002 0)
(0.063 0.002 0)
(0.064 0.002 0)
(0.065 0.002 0)
(0.066 0.002 0)
(0.067 0.002 0)
(0.068 0.002 0)
(0.069 0.002 0)
(0.07 0.002 0)
(0.071 0.002 0)
(0.072 0.002 0)
(0.073 0.002 0)
(0.074 0.002 0)
(0.075 0.002 0)
(0.076 0.002 0)
(0.077 0.002 0)
(0.078 0.002 0)
(0.079 0.002 0)
(0.08 0.002 0)
(0.081 0.002 0)
(0.082 0.002 0)
(0.083 0.002 0)
(0.084 0.002 0)
(0.085 0.002 0)
(0.086 0.002 0)
(0.087 0.002 0)
(0.088 0.002 0)
(0.089 0.002 0)
(0.09 0.002 0)
(0.091 0.002 0)
(0.092 0.002 0)
(0.093 0.002 0)
(0.094 0.002 0)
(0.095 0.002 0)
(0.096 0.002 0)
(0.097 0.002 0)
(0.098 0.002 0)
(0.099 0.002 0)
(0.1 0.002 0)
(0.062 0.003 0)
(0.063 0.003 0)
(0.064 0.003 0)
(0.065 0.003 0)
(0.066 0.003 0)
(0.067 0.003 0)
(0.068 0.003 0)
(0.069 0.003 0)
(0.07 0.003 0)
(0.071 0.003 0)
(0.072 0.003 0)
(0.073 0.003 0)
(0.074 0.003 0)
(0.075 0.003 0)
(0.076 0.003 0)
(0.077 0.003 0)
(0.078 0.003 0)
(0.079 0.003 0)
(0.08 0.003 0)
(0.081 0.003 0)
(0.082 0.003 0)
(0.083 0.003 0)
(0.084 0.003 0)
(0.085 0.003 0)
(0.086 0.003 0)
(0.087 0.003 0)
(0.088 0.003 0)
(0.089 0.003 0)
(0.09 0.003 0)
(0.091 0.003 0)
(0.092 0.003 0)
(0.093 0.003 0)
(0.094 0.003 0)
(0.095 0.003 0)
(0.096 0.003 0)
(0.097 0.003 0)
(0.098 0.003 0)
(0.099 0.003 0)
(0.1 0.003 0)
(0.062 0.004 0)
(0.063 0.004 0)
(0.064 0.004 0)
(0.065 0.004 0)
(0.066 0.004 0)
(0.067 0.004 0)
(0.068 0.004 0)
(0.069 0.004 0)
(0.07 0.004 0)
(0.071 0.004 0)
(0.072 0.004 0)
(0.073 0.004 0)
(0.074 0.004 0)
(0.075 0.004 0)
(0.076 0.004 0)
(0.077 0.004 0)
(0.078 0.004 0)
(0.079 0.004 0)
(0.08 0.004 0)
(0.081 0.004 0)
(0.082 0.004 0)
(0.083 0.004 0)
(0.084 0.004 0)
(0.085 0.004 0)
(0.086 0.004 0)
(0.087 0.004 0)
(0.088 0.004 0)
(0.089 0.004 0)
(0.09 0.004 0)
(0.091 0.004 0)
(0.092 0.004 0)
(0.093 0.004 0)
(0.094 0.004 0)
(0.095 0.004 0)
(0.096 0.004 0)
(0.097 0.004 0)
(0.098 0.004 0)
(0.099 0.004 0)
(0.1 0.004 0)
(0.062 0.005 0)
(0.063 0.005 0)
(0.064 0.005 0)
(0.065 0.005 0)
(0.066 0.005 0)
(0.067 0.005 0)
(0.068 0.005 0)
(0.069 0.005 0)
(0.07 0.005 0)
(0.071 0.005 0)
(0.072 0.005 0)
(0.073 0.005 0)
(0.074 0.005 0)
(0.075 0.005 0)
(0.076 0.005 0)
(0.077 0.005 0)
(0.078 0.005 0)
(0.079 0.005 0)
(0.08 0.005 0)
(0.081 0.005 0)
(0.082 0.005 0)
(0.083 0.005 0)
(0.084 0.005 0)
(0.085 0.005 0)
(0.086 0.005 0)
(0.087 0.005 0)
(0.088 0.005 0)
(0.089 0.005 0)
(0.09 0.005 0)
(0.091 0.005 0)
(0.092 0.005 0)
(0.093 0.005 0)
(0.094 0.005 0)
(0.095 0.005 0)
(0.096 0.005 0)
(0.097 0.005 0)
(0.098 0.005 0)
(0.099 0.005 0)
(0.1 0.005 0)
(0.062 0.006 0)
(0.063 0.006 0)
(0.064 0.006 0)
(0.065 0.006 0)
(0.066 0.006 0)
(0.067 0.006 0)
(0.068 0.006 0)
(0.069 0.006 0)
(0.07 0.006 0)
(0.071 0.006 0)
(0.072 0.006 0)
(0.073 0.006 0)
(0.074 0.006 0)
(0.075 0.006 0)
(0.076 0.006 0)
(0.077 0.006 0)
(0.078 0.006 0)
(0.079 0.006 0)
(0.08 0.006 0)
(0.081 0.006 0)
(0.082 0.006 0)
(0.083 0.006 0)
(0.084 0.006 0)
(0.085 0.006 0)
(0.086 0.006 0)
(0.087 0.006 0)
(0.088 0.006 0)
(0.089 0.006 0)
(0.09 0.006 0)
(0.091 0.006 0)
(0.092 0.006 0)
(0.093 0.006 0)
(0.094 0.006 0)
(0.095 0.006 0)
(0.096 0.006 0)
(0.097 0.006 0)
(0.098 0.006 0)
(0.099 0.006 0)
(0.1 0.006 0)
(0.062 0.007 0)
(0.063 0.007 0)
(0.064 0.007 0)
(0.065 0.007 0)
(0.066 0.007 0)
(0.067 0.007 0)
(0.068 0.007 0)
(0.069 0.007 0)
(0.07 0.007 0)
(0.071 0.007 0)
(0.072 0.007 0)
(0.073 0.007 0)
(0.074 0.007 0)
(0.075 0.007 0)
(0.076 0.007 0)
(0.077 0.007 0)
(0.078 0.007 0)
(0.079 0.007 0)
(0.08 0.007 0)
(0.081 0.007 0)
(0.082 0.007 0)
(0.083 0.007 0)
(0.084 0.007 0)
(0.085 0.007 0)
(0.086 0.007 0)
(0.087 0.007 0)
(0.088 0.007 0)
(0.089 0.007 0)
(0.09 0.007 0)
(0.091 0.007 0)
(0.092 0.007 0)
(0.093 0.007 0)
(0.094 0.007 0)
(0.095 0.007 0)
(0.096 0.007 0)
(0.097 0.007 0)
(0.098 0.007 0)
(0.099 0.007 0)
(0.1 0.007 0)
(0.06 0.008 0)
(0.061 0.008 0)
(0.062 0.008 0)
(0.063 0.008 0)
(0.064 0.008 0)
(0.065 0.008 0)
(0.066 0.008 0)
(0.067 0.008 0)
(0.068 0.008 0)
(0.069 0.008 0)
(0.07 0.008 0)
(0.071 0.008 0)
(0.072 0.008 0)
(0.073 0.008 0)
(0.074 0.008 0)
(0.075 0.008 0)
(0.076 0.008 0)
(0.077 0.008 0)
(0.078 0.008 0)
(0.079 0.008 0)
(0.08 0.008 0)
(0.081 0.008 0)
(0.082 0.008 0)
(0.083 0.008 0)
(0.084 0.008 0)
(0.085 0.008 0)
(0.086 0.008 0)
(0.087 0.008 0)
(0.088 0.008 0)
(0.089 0.008 0)
(0.09 0.008 0)
(0.091 0.008 0)
(0.092 0.008 0)
(0.093 0.008 0)
(0.094 0.008 0)
(0.095 0.008 0)
(0.096 0.008 0)
(0.097 0.008 0)
(0.098 0.008 0)
(0.099 0.008 0)
(0.1 0.008 0)
(0.058 0.009 0)
(0.059 0.009 0)
(0.06 0.009 0)
(0.061 0.009 0)
(0.062 0.009 0)
(0.063 0.009 0)
(0.064 0.009 0)
(0.065 0.009 0)
(0.066 0.009 0)
(0.067 0.009 0)
(0.068 0.009 0)
(0.069 0.009 0)
(0.07 0.009 0)
(0.071 0.009 0)
(0.072 0.009 0)
(0.073 0.009 0)
(0.074 0.009 0)
(0.075 0.009 0)
(0.076 0.009 0)
(0.077 0.009 0)
(0.078 0.009 0)
(0.079 0.009 0)
(0.08 0.009 0)
(0.081 0.009 0)
(0.082 0.009 0)
(0.083 0.009 0)
(0.084 0.009 0)
(0.085 0.009 0)
(0.086 0.009 0)
(0.087 0.009 0)
(0.088 0.009 0)
(0.089 0.009 0)
(0.09 0.009 0)
(0.091 0.009 0)
(0.092 0.009 0)
(0.093 0.009 0)
(0.094 0.009 0)
(0.095 0.009 0)
(0.096 0.009 0)
(0.097 0.009 0)
(0.098 0.009 0)
(0.099 0.009 0)
(0.1 0.009 0)
(0.058 0.01 0)
(0.059 0.01 0)
(0.06 0.01 0)
(0.061 0.01 0)
(0.062 0.01 0)
(0.063 0.01 0)
(0.064 0.01 0)
(0.065 0.01 0)
(0.066 0.01 0)
(0.067 0.01 0)
(0.068 0.01 0)
(0.069 0.01 0)
(0.07 0.01 0)
(0.071 0.01 0)
(0.072 0.01 0)
(0.073 0.01 0)
(0.074 0.01 0)
(0.075 0.01 0)
(0.076 0.01 0)
(0.077 0.01 0)
(0.078 0.01 0)
(0.079 0.01 0)
(0.08 0.01 0)
(0.081 0.01 0)
(0.082 0.01 0)
(0.083 0.01 0)
(0.084 0.01 0)
(0.085 0.01 0)
(0.086 0.01 0)
(0.087 0.01 0)
(0.088 0.01 0)
(0.089 0.01 0)
(0.09 0.01 0)
(0.091 0.01 0)
(0.092 0.01 0)
(0.093 0.01 0)
(0.094 0.01 0)
(0.095 0.01 0)
(0.096 0.01 0)
(0.097 0.01 0)
(0.098 0.01 0)
(0.099 0.01 0)
(0.1 0.01 0)
(0.058 0.011 0)
(0.059 0.011 0)
(0.06 0.011 0)
(0.061 0.011 0)
(0.062 0.011 0)
(0.063 0.011 0)
(0.064 0.011 0)
(0.065 0.011 0)
(0.066 0.011 0)
(0.067 0.011 0)
(0.068 0.011 0)
(0.069 0.011 0)
(0.07 0.011 0)
(0.071 0.011 0)
(0.072 0.011 0)
(0.073 0.011 0)
(0.074 0.011 0)
(0.075 0.011 0)
(0.076 0.011 0)
(0.077 0.011 0)
(0.078 0.011 0)
(0.079 0.011 0)
(0.08 0.011 0)
(0.081 0.011 0)
(0.082 0.011 0)
(0.083 0.011 0)
(0.084 0.011 0)
(0.085 0.011 0)
(0.086 0.011 0)
(0.087 0.011 0)
(0.088 0.011 0)
(0.089 0.011 0)
(0.09 0.011 0)
(0.091 0.011 0)
(0.092 0.011 0)
(0.093 0.011 0)
(0.094 0.011 0)
(0.095 0.011 0)
(0.096 0.011 0)
(0.097 0.011 0)
(0.098 0.011 0)
(0.099 0.011 0)
(0.1 0.011 0)
(0.058 0.012 0)
(0.059 0.012 0)
(0.06 0.012 0)
(0.061 0.012 0)
(0.062 0.012 0)
(0.063 0.012 0)
(0.064 0.012 0)
(0.065 0.012 0)
(0.066 0.012 0)
(0.067 0.012 0)
(0.068 0.012 0)
(0.069 0.012 0)
(0.07 0.012 0)
(0.071 0.012 0)
(0.072 0.012 0)
(0.073 0.012 0)
(0.074 0.012 0)
(0.075 0.012 0)
(0.076 0.012 0)
(0.077 0.012 0)
(0.078 0.012 0)
(0.079 0.012 0)
(0.08 0.012 0)
(0.081 0.012 0)
(0.082 0.012 0)
(0.083 0.012 0)
(0.084 0.012 0)
(0.085 0.012 0)
(0.086 0.012 0)
(0.087 0.012 0)
(0.088 0.012 0)
(0.089 0.012 0)
(0.09 0.012 0)
(0.091 0.012 0)
(0.092 0.012 0)
(0.093 0.012 0)
(0.094 0.012 0)
(0.095 0.012 0)
(0.096 0.012 0)
(0.097 0.012 0)
(0.098 0.012 0)
(0.099 0.012 0)
(0.1 0.012 0)
(0.058 0.013 0)
(0.059 0.013 0)
(0.06 0.013 0)
(0.061 0.013 0)
(0.062 0.013 0)
(0.063 0.013 0)
(0.064 0.013 0)
(0.065 0.013 0)
(0.066 0.013 0)
(0.067 0.013 0)
(0.068 0.013 0)
(0.069 0.013 0)
(0.07 0.013 0)
(0.071 0.013 0)
(0.072 0.013 0)
(0.073 0.013 0)
(0.074 0.013 0)
(0.075 0.013 0)
(0.076 0.013 0)
(0.077 0.013 0)
(0.078 0.013 0)
(0.079 0.013 0)
(0.08 0.013 0)
(0.081 0.013 0)
(0.082 0.013 0)
(0.083 0.013 0)
(0.084 0.013 0)
(0.085 0.013 0)
(0.086 0.013 0)
(0.087 0.013 0)
(0.088 0.013 0)
(0.089 0.013 0)
(0.09 0.013 0)
(0.091 0.013 0)
(0.092 0.013 0)
(0.093 0.013 0)
(0.094 0.013 0)
(0.095 0.013 0)
(0.096 0.013 0)
(0.097 0.013 0)
(0.098 0.013 0)
(0.099 0.013 0)
(0.1 0.013 0)
(0.058 0.014 0)
(0.059 0.014 0)
(0.06 0.014 0)
(0.061 0.014 0)
(0.062 0.014 0)
(0.063 0.014 0)
(0.064 0.014 0)
(0.065 0.014 0)
(0.066 0.014 0)
(0.067 0.014 0)
(0.068 0.014 0)
(0.069 0.014 0)
(0.07 0.014 0)
(0.071 0.014 0)
(0.072 0.014 0)
(0.073 0.014 0)
(0.074 0.014 0)
(0.075 0.014 0)
(0.076 0.014 0)
(0.077 0.014 0)
(0.078 0.014 0)
(0.079 0.014 0)
(0.08 0.014 0)
(0.081 0.014 0)
(0.082 0.014 0)
(0.083 0.014 0)
(0.084 0.014 0)
(0.085 0.014 0)
(0.086 0.014 0)
(0.087 0.014 0)
(0.088 0.014 0)
(0.089 0.014 0)
(0.09 0.014 0)
(0.091 0.014 0)
(0.092 0.014 0)
(0.093 0.014 0)
(0.094 0.014 0)
(0.095 0.014 0)
(0.096 0.014 0)
(0.097 0.014 0)
(0.098 0.014 0)
(0.099 0.014 0)
(0.1 0.014 0)
(0.058 0.015 0)
(0.059 0.015 0)
(0.06 0.015 0)
(0.061 0.015 0)
(0.062 0.015 0)
(0.063 0.015 0)
(0.064 0.015 0)
(0.065 0.015 0)
(0.066 0.015 0)
(0.067 0.015 0)
(0.068 0.015 0)
(0.069 0.015 0)
(0.07 0.015 0)
(0.071 0.015 0)
(0.072 0.015 0)
(0.073 0.015 0)
(0.074 0.015 0)
(0.075 0.015 0)
(0.076 0.015 0)
(0.077 0.015 0)
(0.078 0.015 0)
(0.079 0.015 0)
(0.08 0.015 0)
(0.081 0.015 0)
(0.082 0.015 0)
(0.083 0.015 0)
(0.084 0.015 0)
(0.085 0.015 0)
(0.086 0.015 0)
(0.087 0.015 0)
(0.088 0.015 0)
(0.089 0.015 0)
(0.09 0.015 0)
(0.091 0.015 0)
(0.092 0.015 0)
(0.093 0.015 0)
(0.094 0.015 0)
(0.095 0.015 0)
(0.096 0.015 0)
(0.097 0.015 0)
(0.098 0.015 0)
(0.099 0.015 0)
(0.1 0.015 0)
(0.058 0.016 0)
(0.059 0.016 0)
(0.06 0.016 0)
(0.061 0.016 0)
(0.062 0.016 0)
(0.063 0.016 0)
(0.064 0.016 0)
(0.065 0.016 0)
(0.066 0.016 0)
(0.067 0.016 0)
(0.068 0.016 0)
(0.069 0.016 0)
(0.07 0.016 0)
(0.071 0.016 0)
(0.072 0.016 0)
(0.073 0.016 0)
(0.074 0.016 0)
(0.075 0.016 0)
(0.076 0.016 0)
(0.077 0.016 0)
(0.078 0.016 0)
(0.079 0.016 0)
(0.08 0.016 0)
(0.081 0.016 0)
(0.082 0.016 0)
(0.083 0.016 0)
(0.084 0.016 0)
(0.085 0.016 0)
(0.086 0.016 0)
(0.087 0.016 0)
(0.088 0.016 0)
(0.089 0.016 0)
(0.09 0.016 0)
(0.091 0.016 0)
(0.092 0.016 0)
(0.093 0.016 0)
(0.094 0.016 0)
(0.095 0.016 0)
(0.096 0.016 0)
(0.097 0.016 0)
(0.098 0.016 0)
(0.099 0.016 0)
(0.1 0.016 0)
(0.058 0.017 0)
(0.059 0.017 0)
(0.06 0.017 0)
(0.061 0.017 0)
(0.062 0.017 0)
(0.063 0.017 0)
(0.064 0.017 0)
(0.065 0.017 0)
(0.066 0.017 0)
(0.067 0.017 0)
(0.068 0.017 0)
(0.069 0.017 0)
(0.07 0.017 0)
(0.071 0.017 0)
(0.072 0.017 0)
(0.073 0.017 0)
(0.074 0.017 0)
(0.075 0.017 0)
(0.076 0.017 0)
(0.077 0.017 0)
(0.078 0.017 0)
(0.079 0.017 0)
(0.08 0.017 0)
(0.081 0.017 0)
(0.082 0.017 0)
(0.083 0.017 0)
(0.084 0.017 0)
(0.085 0.017 0)
(0.086 0.017 0)
(0.087 0.017 0)
(0.088 0.017 0)
(0.089 0.017 0)
(0.09 0.017 0)
(0.091 0.017 0)
(0.092 0.017 0)
(0.093 0.017 0)
(0.094 0.017 0)
(0.095 0.017 0)
(0.096 0.017 0)
(0.097 0.017 0)
(0.098 0.017 0)
(0.099 0.017 0)
(0.1 0.017 0)
(0.058 0.018 0)
(0.059 0.018 0)
(0.06 0.018 0)
(0.061 0.018 0)
(0.062 0.018 0)
(0.063 0.018 0)
(0.064 0.018 0)
(0.065 0.018 0)
(0.066 0.018 0)
(0.067 0.018 0)
(0.068 0.018 0)
(0.069 0.018 0)
(0.07 0.018 0)
(0.071 0.018 0)
(0.072 0.018 0)
(0.073 0.018 0)
(0.074 0.018 0)
(0.075 0.018 0)
(0.076 0.018 0)
(0.077 0.018 0)
(0.078 0.018 0)
(0.079 0.018 0)
(0.08 0.018 0)
(0.081 0.018 0)
(0.082 0.018 0)
(0.083 0.018 0)
(0.084 0.018 0)
(0.085 0.018 0)
(0.086 0.018 0)
(0.087 0.018 0)
(0.088 0.018 0)
(0.089 0.018 0)
(0.09 0.018 0)
(0.091 0.018 0)
(0.092 0.018 0)
(0.093 0.018 0)
(0.094 0.018 0)
(0.095 0.018 0)
(0.096 0.018 0)
(0.097 0.018 0)
(0.098 0.018 0)
(0.099 0.018 0)
(0.1 0.018 0)
(0.058 0.019 0)
(0.059 0.019 0)
(0.06 0.019 0)
(0.061 0.019 0)
(0.062 0.019 0)
(0.063 0.019 0)
(0.064 0.019 0)
(0.065 0.019 0)
(0.066 0.019 0)
(0.067 0.019 0)
(0.068 0.019 0)
(0.069 0.019 0)
(0.07 0.019 0)
(0.071 0.019 0)
(0.072 0.019 0)
(0.073 0.019 0)
(0.074 0.019 0)
(0.075 0.019 0)
(0.076 0.019 0)
(0.077 0.019 0)
(0.078 0.019 0)
(0.079 0.019 0)
(0.08 0.019 0)
(0.081 0.019 0)
(0.082 0.019 0)
(0.083 0.019 0)
(0.084 0.019 0)
(0.085 0.019 0)
(0.086 0.019 0)
(0.087 0.019 0)
(0.088 0.019 0)
(0.089 0.019 0)
(0.09 0.019 0)
(0.091 0.019 0)
(0.092 0.019 0)
(0.093 0.019 0)
(0.094 0.019 0)
(0.095 0.019 0)
(0.096 0.019 0)
(0.097 0.019 0)
(0.098 0.019 0)
(0.099 0.019 0)
(0.1 0.019 0)
(0.058 0.02 0)
(0.059 0.02 0)
(0.06 0.02 0)
(0.061 0.02 0)
(0.062 0.02 0)
(0.063 0.02 0)
(0.064 0.02 0)
(0.065 0.02 0)
(0.066 0.02 0)
(0.067 0.02 0)
(0.068 0.02 0)
(0.069 0.02 0)
(0.07 0.02 0)
(0.071 0.02 0)
(0.072 0.02 0)
(0.073 0.02 0)
(0.074 0.02 0)
(0.075 0.02 0)
(0.076 0.02 0)
(0.077 0.02 0)
(0.078 0.02 0)
(0.079 0.02 0)
(0.08 0.02 0)
(0.081 0.02 0)
(0.082 0.02 0)
(0.083 0.02 0)
(0.084 0.02 0)
(0.085 0.02 0)
(0.086 0.02 0)
(0.087 0.02 0)
(0.088 0.02 0)
(0.089 0.02 0)
(0.09 0.02 0)
(0.091 0.02 0)
(0.092 0.02 0)
(0.093 0.02 0)
(0.094 0.02 0)
(0.095 0.02 0)
(0.096 0.02 0)
(0.097 0.02 0)
(0.098 0.02 0)
(0.099 0.02 0)
(0.1 0.02 0)
(0.058 0.021 0)
(0.059 0.021 0)
(0.06 0.021 0)
(0.061 0.021 0)
(0.062 0.021 0)
(0.063 0.021 0)
(0.064 0.021 0)
(0.065 0.021 0)
(0.066 0.021 0)
(0.067 0.021 0)
(0.068 0.021 0)
(0.069 0.021 0)
(0.07 0.021 0)
(0.071 0.021 0)
(0.072 0.021 0)
(0.073 0.021 0)
(0.074 0.021 0)
(0.075 0.021 0)
(0.076 0.021 0)
(0.077 0.021 0)
(0.078 0.021 0)
(0.079 0.021 0)
(0.08 0.021 0)
(0.081 0.021 0)
(0.082 0.021 0)
(0.083 0.021 0)
(0.084 0.021 0)
(0.085 0.021 0)
(0.086 0.021 0)
(0.087 0.021 0)
(0.088 0.021 0)
(0.089 0.021 0)
(0.09 0.021 0)
(0.091 0.021 0)
(0.092 0.021 0)
(0.093 0.021 0)
(0.094 0.021 0)
(0.095 0.021 0)
(0.096 0.021 0)
(0.097 0.021 0)
(0.098 0.021 0)
(0.099 0.021 0)
(0.1 0.021 0)
(0.058 0.022 0)
(0.059 0.022 0)
(0.06 0.022 0)
(0.061 0.022 0)
(0.062 0.022 0)
(0.063 0.022 0)
(0.064 0.022 0)
(0.065 0.022 0)
(0.066 0.022 0)
(0.067 0.022 0)
(0.068 0.022 0)
(0.069 0.022 0)
(0.07 0.022 0)
(0.071 0.022 0)
(0.072 0.022 0)
(0.073 0.022 0)
(0.074 0.022 0)
(0.075 0.022 0)
(0.076 0.022 0)
(0.077 0.022 0)
(0.078 0.022 0)
(0.079 0.022 0)
(0.08 0.022 0)
(0.081 0.022 0)
(0.082 0.022 0)
(0.083 0.022 0)
(0.084 0.022 0)
(0.085 0.022 0)
(0.086 0.022 0)
(0.087 0.022 0)
(0.088 0.022 0)
(0.089 0.022 0)
(0.09 0.022 0)
(0.091 0.022 0)
(0.092 0.022 0)
(0.093 0.022 0)
(0.094 0.022 0)
(0.095 0.022 0)
(0.096 0.022 0)
(0.097 0.022 0)
(0.098 0.022 0)
(0.099 0.022 0)
(0.1 0.022 0)
(0.058 0.023 0)
(0.059 0.023 0)
(0.06 0.023 0)
(0.061 0.023 0)
(0.062 0.023 0)
(0.063 0.023 0)
(0.064 0.023 0)
(0.065 0.023 0)
(0.066 0.023 0)
(0.067 0.023 0)
(0.068 0.023 0)
(0.069 0.023 0)
(0.07 0.023 0)
(0.071 0.023 0)
(0.072 0.023 0)
(0.073 0.023 0)
(0.074 0.023 0)
(0.075 0.023 0)
(0.076 0.023 0)
(0.077 0.023 0)
(0.078 0.023 0)
(0.079 0.023 0)
(0.08 0.023 0)
(0.081 0.023 0)
(0.082 0.023 0)
(0.083 0.023 0)
(0.084 0.023 0)
(0.085 0.023 0)
(0.086 0.023 0)
(0.087 0.023 0)
(0.088 0.023 0)
(0.089 0.023 0)
(0.09 0.023 0)
(0.091 0.023 0)
(0.092 0.023 0)
(0.093 0.023 0)
(0.094 0.023 0)
(0.095 0.023 0)
(0.096 0.023 0)
(0.097 0.023 0)
(0.098 0.023 0)
(0.099 0.023 0)
(0.1 0.023 0)
(0.058 0.024 0)
(0.059 0.024 0)
(0.06 0.024 0)
(0.061 0.024 0)
(0.062 0.024 0)
(0.063 0.024 0)
(0.064 0.024 0)
(0.065 0.024 0)
(0.066 0.024 0)
(0.067 0.024 0)
(0.068 0.024 0)
(0.069 0.024 0)
(0.07 0.024 0)
(0.071 0.024 0)
(0.072 0.024 0)
(0.073 0.024 0)
(0.074 0.024 0)
(0.075 0.024 0)
(0.076 0.024 0)
(0.077 0.024 0)
(0.078 0.024 0)
(0.079 0.024 0)
(0.08 0.024 0)
(0.081 0.024 0)
(0.082 0.024 0)
(0.083 0.024 0)
(0.084 0.024 0)
(0.085 0.024 0)
(0.086 0.024 0)
(0.087 0.024 0)
(0.088 0.024 0)
(0.089 0.024 0)
(0.09 0.024 0)
(0.091 0.024 0)
(0.092 0.024 0)
(0.093 0.024 0)
(0.094 0.024 0)
(0.095 0.024 0)
(0.096 0.024 0)
(0.097 0.024 0)
(0.098 0.024 0)
(0.099 0.024 0)
(0.1 0.024 0)
(0.058 0.025 0)
(0.059 0.025 0)
(0.06 0.025 0)
(0.061 0.025 0)
(0.062 0.025 0)
(0.063 0.025 0)
(0.064 0.025 0)
(0.065 0.025 0)
(0.066 0.025 0)
(0.067 0.025 0)
(0.068 0.025 0)
(0.069 0.025 0)
(0.07 0.025 0)
(0.071 0.025 0)
(0.072 0.025 0)
(0.073 0.025 0)
(0.074 0.025 0)
(0.075 0.025 0)
(0.076 0.025 0)
(0.077 0.025 0)
(0.078 0.025 0)
(0.079 0.025 0)
(0.08 0.025 0)
(0.081 0.025 0)
(0.082 0.025 0)
(0.083 0.025 0)
(0.084 0.025 0)
(0.085 0.025 0)
(0.086 0.025 0)
(0.087 0.025 0)
(0.088 0.025 0)
(0.089 0.025 0)
(0.09 0.025 0)
(0.091 0.025 0)
(0.092 0.025 0)
(0.093 0.025 0)
(0.094 0.025 0)
(0.095 0.025 0)
(0.096 0.025 0)
(0.097 0.025 0)
(0.098 0.025 0)
(0.099 0.025 0)
(0.1 0.025 0)
(0.058 0.026 0)
(0.059 0.026 0)
(0.06 0.026 0)
(0.061 0.026 0)
(0.062 0.026 0)
(0.063 0.026 0)
(0.064 0.026 0)
(0.065 0.026 0)
(0.066 0.026 0)
(0.067 0.026 0)
(0.068 0.026 0)
(0.069 0.026 0)
(0.07 0.026 0)
(0.071 0.026 0)
(0.072 0.026 0)
(0.073 0.026 0)
(0.074 0.026 0)
(0.075 0.026 0)
(0.076 0.026 0)
(0.077 0.026 0)
(0.078 0.026 0)
(0.079 0.026 0)
(0.08 0.026 0)
(0.081 0.026 0)
(0.082 0.026 0)
(0.083 0.026 0)
(0.084 0.026 0)
(0.085 0.026 0)
(0.086 0.026 0)
(0.087 0.026 0)
(0.088 0.026 0)
(0.089 0.026 0)
(0.09 0.026 0)
(0.091 0.026 0)
(0.092 0.026 0)
(0.093 0.026 0)
(0.094 0.026 0)
(0.095 0.026 0)
(0.096 0.026 0)
(0.097 0.026 0)
(0.098 0.026 0)
(0.099 0.026 0)
(0.1 0.026 0)
(0.058 0.027 0)
(0.059 0.027 0)
(0.06 0.027 0)
(0.061 0.027 0)
(0.062 0.027 0)
(0.063 0.027 0)
(0.064 0.027 0)
(0.065 0.027 0)
(0.066 0.027 0)
(0.067 0.027 0)
(0.068 0.027 0)
(0.069 0.027 0)
(0.07 0.027 0)
(0.071 0.027 0)
(0.072 0.027 0)
(0.073 0.027 0)
(0.074 0.027 0)
(0.075 0.027 0)
(0.076 0.027 0)
(0.077 0.027 0)
(0.078 0.027 0)
(0.079 0.027 0)
(0.08 0.027 0)
(0.081 0.027 0)
(0.082 0.027 0)
(0.083 0.027 0)
(0.084 0.027 0)
(0.085 0.027 0)
(0.086 0.027 0)
(0.087 0.027 0)
(0.088 0.027 0)
(0.089 0.027 0)
(0.09 0.027 0)
(0.091 0.027 0)
(0.092 0.027 0)
(0.093 0.027 0)
(0.094 0.027 0)
(0.095 0.027 0)
(0.096 0.027 0)
(0.097 0.027 0)
(0.098 0.027 0)
(0.099 0.027 0)
(0.1 0.027 0)
(0.058 0.028 0)
(0.059 0.028 0)
(0.06 0.028 0)
(0.061 0.028 0)
(0.062 0.028 0)
(0.063 0.028 0)
(0.064 0.028 0)
(0.065 0.028 0)
(0.066 0.028 0)
(0.067 0.028 0)
(0.068 0.028 0)
(0.069 0.028 0)
(0.07 0.028 0)
(0.071 0.028 0)
(0.072 0.028 0)
(0.073 0.028 0)
(0.074 0.028 0)
(0.075 0.028 0)
(0.076 0.028 0)
(0.077 0.028 0)
(0.078 0.028 0)
(0.079 0.028 0)
(0.08 0.028 0)
(0.081 0.028 0)
(0.082 0.028 0)
(0.083 0.028 0)
(0.084 0.028 0)
(0.085 0.028 0)
(0.086 0.028 0)
(0.087 0.028 0)
(0.088 0.028 0)
(0.089 0.028 0)
(0.09 0.028 0)
(0.091 0.028 0)
(0.092 0.028 0)
(0.093 0.028 0)
(0.094 0.028 0)
(0.095 0.028 0)
(0.096 0.028 0)
(0.097 0.028 0)
(0.098 0.028 0)
(0.099 0.028 0)
(0.1 0.028 0)
(0.058 0.029 0)
(0.059 0.029 0)
(0.06 0.029 0)
(0.061 0.029 0)
(0.062 0.029 0)
(0.063 0.029 0)
(0.064 0.029 0)
(0.065 0.029 0)
(0.066 0.029 0)
(0.067 0.029 0)
(0.068 0.029 0)
(0.069 0.029 0)
(0.07 0.029 0)
(0.071 0.029 0)
(0.072 0.029 0)
(0.073 0.029 0)
(0.074 0.029 0)
(0.075 0.029 0)
(0.076 0.029 0)
(0.077 0.029 0)
(0.078 0.029 0)
(0.079 0.029 0)
(0.08 0.029 0)
(0.081 0.029 0)
(0.082 0.029 0)
(0.083 0.029 0)
(0.084 0.029 0)
(0.085 0.029 0)
(0.086 0.029 0)
(0.087 0.029 0)
(0.088 0.029 0)
(0.089 0.029 0)
(0.09 0.029 0)
(0.091 0.029 0)
(0.092 0.029 0)
(0.093 0.029 0)
(0.094 0.029 0)
(0.095 0.029 0)
(0.096 0.029 0)
(0.097 0.029 0)
(0.098 0.029 0)
(0.099 0.029 0)
(0.1 0.029 0)
(0.058 0.03 0)
(0.059 0.03 0)
(0.06 0.03 0)
(0.061 0.03 0)
(0.062 0.03 0)
(0.063 0.03 0)
(0.064 0.03 0)
(0.065 0.03 0)
(0.066 0.03 0)
(0.067 0.03 0)
(0.068 0.03 0)
(0.069 0.03 0)
(0.07 0.03 0)
(0.071 0.03 0)
(0.072 0.03 0)
(0.073 0.03 0)
(0.074 0.03 0)
(0.075 0.03 0)
(0.076 0.03 0)
(0.077 0.03 0)
(0.078 0.03 0)
(0.079 0.03 0)
(0.08 0.03 0)
(0.081 0.03 0)
(0.082 0.03 0)
(0.083 0.03 0)
(0.084 0.03 0)
(0.085 0.03 0)
(0.086 0.03 0)
(0.087 0.03 0)
(0.088 0.03 0)
(0.089 0.03 0)
(0.09 0.03 0)
(0.091 0.03 0)
(0.092 0.03 0)
(0.093 0.03 0)
(0.094 0.03 0)
(0.095 0.03 0)
(0.096 0.03 0)
(0.097 0.03 0)
(0.098 0.03 0)
(0.099 0.03 0)
(0.1 0.03 0)
(0.059 0.031 0)
(0.06 0.031 0)
(0.061 0.031 0)
(0.062 0.031 0)
(0.063 0.031 0)
(0.064 0.031 0)
(0.065 0.031 0)
(0.066 0.031 0)
(0.067 0.031 0)
(0.068 0.031 0)
(0.069 0.031 0)
(0.07 0.031 0)
(0.071 0.031 0)
(0.072 0.031 0)
(0.073 0.031 0)
(0.062 0 0.01)
(0.063 0 0.01)
(0.064 0 0.01)
(0.065 0 0.01)
(0.066 0 0.01)
(0.067 0 0.01)
(0.068 0 0.01)
(0.069 0 0.01)
(0.07 0 0.01)
(0.071 0 0.01)
(0.072 0 0.01)
(0.073 0 0.01)
(0.074 0 0.01)
(0.075 0 0.01)
(0.076 0 0.01)
(0.077 0 0.01)
(0.078 0 0.01)
(0.079 0 0.01)
(0.08 0 0.01)
(0.081 0 0.01)
(0.082 0 0.01)
(0.083 0 0.01)
(0.084 0 0.01)
(0.085 0 0.01)
(0.086 0 0.01)
(0.087 0 0.01)
(0.088 0 0.01)
(0.089 0 0.01)
(0.09 0 0.01)
(0.091 0 0.01)
(0.092 0 0.01)
(0.093 0 0.01)
(0.094 0 0.01)
(0.095 0 0.01)
(0.096 0 0.01)
(0.097 0 0.01)
(0.098 0 0.01)
(0.099 0 0.01)
(0.1 0 0.01)
(0.062 0.001 0.01)
(0.063 0.001 0.01)
(0.064 0.001 0.01)
(0.065 0.001 0.01)
(0.066 0.001 0.01)
(0.067 0.001 0.01)
(0.068 0.001 0.01)
(0.069 0.001 0.01)
(0.07 0.001 0.01)
(0.071 0.001 0.01)
(0.072 0.001 0.01)
(0.073 0.001 0.01)
(0.074 0.001 0.01)
(0.075 0.001 0.01)
(0.076 0.001 0.01)
(0.077 0.001 0.01)
(0.078 0.001 0.01)
(0.079 0.001 0.01)
(0.08 0.001 0.01)
(0.081 0.001 0.01)
(0.082 0.001 0.01)
(0.083 0.001 0.01)
(0.084 0.001 0.01)
(0.085 0.001 0.01)
(0.086 0.001 0.01)
(0.087 0.001 0.01)
(0.088 0.001 0.01)
(0.089 0.001 0.01)
(0.09 0.001 0.01)
(0.091 0.001 0.01)
(0.092 0.001 0.01)
(0.093 0.001 0.01)
(0.094 0.001 0.01)
(0.095 0.001 0.01)
(0.096 0.001 0.01)
(0.097 0.001 0.01)
(0.098 0.001 0.01)
(0.099 0.001 0.01)
(0.1 0.001 0.01)
(0.062 0.002 0.01)
(0.063 0.002 0.01)
(0.064 0.002 0.01)
(0.065 0.002 0.01)
(0.066 0.002 0.01)
(0.067 0.002 0.01)
(0.068 0.002 0.01)
(0.069 0.002 0.01)
(0.07 0.002 0.01)
(0.071 0.002 0.01)
(0.072 0.002 0.01)
(0.073 0.002 0.01)
(0.074 0.002 0.01)
(0.075 0.002 0.01)
(0.076 0.002 0.01)
(0.077 0.002 0.01)
(0.078 0.002 0.01)
(0.079 0.002 0.01)
(0.08 0.002 0.01)
(0.081 0.002 0.01)
(0.082 0.002 0.01)
(0.083 0.002 0.01)
(0.084 0.002 0.01)
(0.085 0.002 0.01)
(0.086 0.002 0.01)
(0.087 0.002 0.01)
(0.088 0.002 0.01)
(0.089 0.002 0.01)
(0.09 0.002 0.01)
(0.091 0.002 0.01)
(0.092 0.002 0.01)
(0.093 0.002 0.01)
(0.094 0.002 0.01)
(0.095 0.002 0.01)
(0.096 0.002 0.01)
(0.097 0.002 0.01)
(0.098 0.002 0.01)
(0.099 0.002 0.01)
(0.1 0.002 0.01)
(0.062 0.003 0.01)
(0.063 0.003 0.01)
(0.064 0.003 0.01)
(0.065 0.003 0.01)
(0.066 0.003 0.01)
(0.067 0.003 0.01)
(0.068 0.003 0.01)
(0.069 0.003 0.01)
(0.07 0.003 0.01)
(0.071 0.003 0.01)
(0.072 0.003 0.01)
(0.073 0.003 0.01)
(0.074 0.003 0.01)
(0.075 0.003 0.01)
(0.076 0.003 0.01)
(0.077 0.003 0.01)
(0.078 0.003 0.01)
(0.079 0.003 0.01)
(0.08 0.003 0.01)
(0.081 0.003 0.01)
(0.082 0.003 0.01)
(0.083 0.003 0.01)
(0.084 0.003 0.01)
(0.085 0.003 0.01)
(0.086 0.003 0.01)
(0.087 0.003 0.01)
(0.088 0.003 0.01)
(0.089 0.003 0.01)
(0.09 0.003 0.01)
(0.091 0.003 0.01)
(0.092 0.003 0.01)
(0.093 0.003 0.01)
(0.094 0.003 0.01)
(0.095 0.003 0.01)
(0.096 0.003 0.01)
(0.097 0.003 0.01)
(0.098 0.003 0.01)
(0.099 0.003 0.01)
(0.1 0.003 0.01)
(0.062 0.004 0.01)
(0.063 0.004 0.01)
(0.064 0.004 0.01)
(0.065 0.004 0.01)
(0.066 0.004 0.01)
(0.067 0.004 0.01)
(0.068 0.004 0.01)
(0.069 0.004 0.01)
(0.07 0.004 0.01)
(0.071 0.004 0.01)
(0.072 0.004 0.01)
(0.073 0.004 0.01)
(0.074 0.004 0.01)
(0.075 0.004 0.01)
(0.076 0.004 0.01)
(0.077 0.004 0.01)
(0.078 0.004 0.01)
(0.079 0.004 0.01)
(0.08 0.004 0.01)
(0.081 0.004 0.01)
(0.082 0.004 0.01)
(0.083 0.004 0.01)
(0.084 0.004 0.01)
(0.085 0.004 0.01)
(0.086 0.004 0.01)
(0.087 0.004 0.01)
(0.088 0.004 0.01)
(0.089 0.004 0.01)
(0.09 0.004 0.01)
(0.091 0.004 0.01)
(0.092 0.004 0.01)
(0.093 0.004 0.01)
(0.094 0.004 0.01)
(0.095 0.004 0.01)
(0.096 0.004 0.01)
(0.097 0.004 0.01)
(0.098 0.004 0.01)
(0.099 0.004 0.01)
(0.1 0.004 0.01)
(0.062 0.005 0.01)
(0.063 0.005 0.01)
(0.064 0.005 0.01)
(0.065 0.005 0.01)
(0.066 0.005 0.01)
(0.067 0.005 0.01)
(0.068 0.005 0.01)
(0.069 0.005 0.01)
(0.07 0.005 0.01)
(0.071 0.005 0.01)
(0.072 0.005 0.01)
(0.073 0.005 0.01)
(0.074 0.005 0.01)
(0.075 0.005 0.01)
(0.076 0.005 0.01)
(0.077 0.005 0.01)
(0.078 0.005 0.01)
(0.079 0.005 0.01)
(0.08 0.005 0.01)
(0.081 0.005 0.01)
(0.082 0.005 0.01)
(0.083 0.005 0.01)
(0.084 0.005 0.01)
(0.085 0.005 0.01)
(0.086 0.005 0.01)
(0.087 0.005 0.01)
(0.088 0.005 0.01)
(0.089 0.005 0.01)
(0.09 0.005 0.01)
(0.091 0.005 0.01)
(0.092 0.005 0.01)
(0.093 0.005 0.01)
(0.094 0.005 0.01)
(0.095 0.005 0.01)
(0.096 0.005 0.01)
(0.097 0.005 0.01)
(0.098 0.005 0.01)
(0.099 0.005 0.01)
(0.1 0.005 0.01)
(0.062 0.006 0.01)
(0.063 0.006 0.01)
(0.064 0.006 0.01)
(0.065 0.006 0.01)
(0.066 0.006 0.01)
(0.067 0.006 0.01)
(0.068 0.006 0.01)
(0.069 0.006 0.01)
(0.07 0.006 0.01)
(0.071 0.006 0.01)
(0.072 0.006 0.01)
(0.073 0.006 0.01)
(0.074 0.006 0.01)
(0.075 0.006 0.01)
(0.076 0.006 0.01)
(0.077 0.006 0.01)
(0.078 0.006 0.01)
(0.079 0.006 0.01)
(0.08 0.006 0.01)
(0.081 0.006 0.01)
(0.082 0.006 0.01)
(0.083 0.006 0.01)
(0.084 0.006 0.01)
(0.085 0.006 0.01)
(0.086 0.006 0.01)
(0.087 0.006 0.01)
(0.088 0.006 0.01)
(0.089 0.006 0.01)
(0.09 0.006 0.01)
(0.091 0.006 0.01)
(0.092 0.006 0.01)
(0.093 0.006 0.01)
(0.094 0.006 0.01)
(0.095 0.006 0.01)
(0.096 0.006 0.01)
(0.097 0.006 0.01)
(0.098 0.006 0.01)
(0.099 0.006 0.01)
(0.1 0.006 0.01)
(0.062 0.007 0.01)
(0.063 0.007 0.01)
(0.064 0.007 0.01)
(0.065 0.007 0.01)
(0.066 0.007 0.01)
(0.067 0.007 0.01)
(0.068 0.007 0.01)
(0.069 0.007 0.01)
(0.07 0.007 0.01)
(0.071 0.007 0.01)
(0.072 0.007 0.01)
(0.073 0.007 0.01)
(0.074 0.007 0.01)
(0.075 0.007 0.01)
(0.076 0.007 0.01)
(0.077 0.007 0.01)
(0.078 0.007 0.01)
(0.079 0.007 0.01)
(0.08 0.007 0.01)
(0.081 0.007 0.01)
(0.082 0.007 0.01)
(0.083 0.007 0.01)
(0.084 0.007 0.01)
(0.085 0.007 0.01)
(0.086 0.007 0.01)
(0.087 0.007 0.01)
(0.088 0.007 0.01)
(0.089 0.007 0.01)
(0.09 0.007 0.01)
(0.091 0.007 0.01)
(0.092 0.007 0.01)
(0.093 0.007 0.01)
(0.094 0.007 0.01)
(0.095 0.007 0.01)
(0.096 0.007 0.01)
(0.097 0.007 0.01)
(0.098 0.007 0.01)
(0.099 0.007 0.01)
(0.1 0.007 0.01)
(0.06 0.008 0.01)
(0.061 0.008 0.01)
(0.062 0.008 0.01)
(0.063 0.008 0.01)
(0.064 0.008 0.01)
(0.065 0.008 0.01)
(0.066 0.008 0.01)
(0.067 0.008 0.01)
(0.068 0.008 0.01)
(0.069 0.008 0.01)
(0.07 0.008 0.01)
(0.071 0.008 0.01)
(0.072 0.008 0.01)
(0.073 0.008 0.01)
(0.074 0.008 0.01)
(0.075 0.008 0.01)
(0.076 0.008 0.01)
(0.077 0.008 0.01)
(0.078 0.008 0.01)
(0.079 0.008 0.01)
(0.08 0.008 0.01)
(0.081 0.008 0.01)
(0.082 0.008 0.01)
(0.083 0.008 0.01)
(0.084 0.008 0.01)
(0.085 0.008 0.01)
(0.086 0.008 0.01)
(0.087 0.008 0.01)
(0.088 0.008 0.01)
(0.089 0.008 0.01)
(0.09 0.008 0.01)
(0.091 0.008 0.01)
(0.092 0.008 0.01)
(0.093 0.008 0.01)
(0.094 0.008 0.01)
(0.095 0.008 0.01)
(0.096 0.008 0.01)
(0.097 0.008 0.01)
(0.098 0.008 0.01)
(0.099 0.008 0.01)
(0.1 0.008 0.01)
(0.058 0.009 0.01)
(0.059 0.009 0.01)
(0.06 0.009 0.01)
(0.061 0.009 0.01)
(0.062 0.009 0.01)
(0.063 0.009 0.01)
(0.064 0.009 0.01)
(0.065 0.009 0.01)
(0.066 0.009 0.01)
(0.067 0.009 0.01)
(0.068 0.009 0.01)
(0.069 0.009 0.01)
(0.07 0.009 0.01)
(0.071 0.009 0.01)
(0.072 0.009 0.01)
(0.073 0.009 0.01)
(0.074 0.009 0.01)
(0.075 0.009 0.01)
(0.076 0.009 0.01)
(0.077 0.009 0.01)
(0.078 0.009 0.01)
(0.079 0.009 0.01)
(0.08 0.009 0.01)
(0.081 0.009 0.01)
(0.082 0.009 0.01)
(0.083 0.009 0.01)
(0.084 0.009 0.01)
(0.085 0.009 0.01)
(0.086 0.009 0.01)
(0.087 0.009 0.01)
(0.088 0.009 0.01)
(0.089 0.009 0.01)
(0.09 0.009 0.01)
(0.091 0.009 0.01)
(0.092 0.009 0.01)
(0.093 0.009 0.01)
(0.094 0.009 0.01)
(0.095 0.009 0.01)
(0.096 0.009 0.01)
(0.097 0.009 0.01)
(0.098 0.009 0.01)
(0.099 0.009 0.01)
(0.1 0.009 0.01)
(0.058 0.01 0.01)
(0.059 0.01 0.01)
(0.06 0.01 0.01)
(0.061 0.01 0.01)
(0.062 0.01 0.01)
(0.063 0.01 0.01)
(0.064 0.01 0.01)
(0.065 0.01 0.01)
(0.066 0.01 0.01)
(0.067 0.01 0.01)
(0.068 0.01 0.01)
(0.069 0.01 0.01)
(0.07 0.01 0.01)
(0.071 0.01 0.01)
(0.072 0.01 0.01)
(0.073 0.01 0.01)
(0.074 0.01 0.01)
(0.075 0.01 0.01)
(0.076 0.01 0.01)
(0.077 0.01 0.01)
(0.078 0.01 0.01)
(0.079 0.01 0.01)
(0.08 0.01 0.01)
(0.081 0.01 0.01)
(0.082 0.01 0.01)
(0.083 0.01 0.01)
(0.084 0.01 0.01)
(0.085 0.01 0.01)
(0.086 0.01 0.01)
(0.087 0.01 0.01)
(0.088 0.01 0.01)
(0.089 0.01 0.01)
(0.09 0.01 0.01)
(0.091 0.01 0.01)
(0.092 0.01 0.01)
(0.093 0.01 0.01)
(0.094 0.01 0.01)
(0.095 0.01 0.01)
(0.096 0.01 0.01)
(0.097 0.01 0.01)
(0.098 0.01 0.01)
(0.099 0.01 0.01)
(0.1 0.01 0.01)
(0.058 0.011 0.01)
(0.059 0.011 0.01)
(0.06 0.011 0.01)
(0.061 0.011 0.01)
(0.062 0.011 0.01)
(0.063 0.011 0.01)
(0.064 0.011 0.01)
(0.065 0.011 0.01)
(0.066 0.011 0.01)
(0.067 0.011 0.01)
(0.068 0.011 0.01)
(0.069 0.011 0.01)
(0.07 0.011 0.01)
(0.071 0.011 0.01)
(0.072 0.011 0.01)
(0.073 0.011 0.01)
(0.074 0.011 0.01)
(0.075 0.011 0.01)
(0.076 0.011 0.01)
(0.077 0.011 0.01)
(0.078 0.011 0.01)
(0.079 0.011 0.01)
(0.08 0.011 0.01)
(0.081 0.011 0.01)
(0.082 0.011 0.01)
(0.083 0.011 0.01)
(0.084 0.011 0.01)
(0.085 0.011 0.01)
(0.086 0.011 0.01)
(0.087 0.011 0.01)
(0.088 0.011 0.01)
(0.089 0.011 0.01)
(0.09 0.011 0.01)
(0.091 0.011 0.01)
(0.092 0.011 0.01)
(0.093 0.011 0.01)
(0.094 0.011 0.01)
(0.095 0.011 0.01)
(0.096 0.011 0.01)
(0.097 0.011 0.01)
(0.098 0.011 0.01)
(0.099 0.011 0.01)
(0.1 0.011 0.01)
(0.058 0.012 0.01)
(0.059 0.012 0.01)
(0.06 0.012 0.01)
(0.061 0.012 0.01)
(0.062 0.012 0.01)
(0.063 0.012 0.01)
(0.064 0.012 0.01)
(0.065 0.012 0.01)
(0.066 0.012 0.01)
(0.067 0.012 0.01)
(0.068 0.012 0.01)
(0.069 0.012 0.01)
(0.07 0.012 0.01)
(0.071 0.012 0.01)
(0.072 0.012 0.01)
(0.073 0.012 0.01)
(0.074 0.012 0.01)
(0.075 0.012 0.01)
(0.076 0.012 0.01)
(0.077 0.012 0.01)
(0.078 0.012 0.01)
(0.079 0.012 0.01)
(0.08 0.012 0.01)
(0.081 0.012 0.01)
(0.082 0.012 0.01)
(0.083 0.012 0.01)
(0.084 0.012 0.01)
(0.085 0.012 0.01)
(0.086 0.012 0.01)
(0.087 0.012 0.01)
(0.088 0.012 0.01)
(0.089 0.012 0.01)
(0.09 0.012 0.01)
(0.091 0.012 0.01)
(0.092 0.012 0.01)
(0.093 0.012 0.01)
(0.094 0.012 0.01)
(0.095 0.012 0.01)
(0.096 0.012 0.01)
(0.097 0.012 0.01)
(0.098 0.012 0.01)
(0.099 0.012 0.01)
(0.1 0.012 0.01)
(0.058 0.013 0.01)
(0.059 0.013 0.01)
(0.06 0.013 0.01)
(0.061 0.013 0.01)
(0.062 0.013 0.01)
(0.063 0.013 0.01)
(0.064 0.013 0.01)
(0.065 0.013 0.01)
(0.066 0.013 0.01)
(0.067 0.013 0.01)
(0.068 0.013 0.01)
(0.069 0.013 0.01)
(0.07 0.013 0.01)
(0.071 0.013 0.01)
(0.072 0.013 0.01)
(0.073 0.013 0.01)
(0.074 0.013 0.01)
(0.075 0.013 0.01)
(0.076 0.013 0.01)
(0.077 0.013 0.01)
(0.078 0.013 0.01)
(0.079 0.013 0.01)
(0.08 0.013 0.01)
(0.081 0.013 0.01)
(0.082 0.013 0.01)
(0.083 0.013 0.01)
(0.084 0.013 0.01)
(0.085 0.013 0.01)
(0.086 0.013 0.01)
(0.087 0.013 0.01)
(0.088 0.013 0.01)
(0.089 0.013 0.01)
(0.09 0.013 0.01)
(0.091 0.013 0.01)
(0.092 0.013 0.01)
(0.093 0.013 0.01)
(0.094 0.013 0.01)
(0.095 0.013 0.01)
(0.096 0.013 0.01)
(0.097 0.013 0.01)
(0.098 0.013 0.01)
(0.099 0.013 0.01)
(0.1 0.013 0.01)
(0.058 0.014 0.01)
(0.059 0.014 0.01)
(0.06 0.014 0.01)
(0.061 0.014 0.01)
(0.062 0.014 0.01)
(0.063 0.014 0.01)
(0.064 0.014 0.01)
(0.065 0.014 0.01)
(0.066 0.014 0.01)
(0.067 0.014 0.01)
(0.068 0.014 0.01)
(0.069 0.014 0.01)
(0.07 0.014 0.01)
(0.071 0.014 0.01)
(0.072 0.014 0.01)
(0.073 0.014 0.01)
(0.074 0.014 0.01)
(0.075 0.014 0.01)
(0.076 0.014 0.01)
(0.077 0.014 0.01)
(0.078 0.014 0.01)
(0.079 0.014 0.01)
(0.08 0.014 0.01)
(0.081 0.014 0.01)
(0.082 0.014 0.01)
(0.083 0.014 0.01)
(0.084 0.014 0.01)
(0.085 0.014 0.01)
(0.086 0.014 0.01)
(0.087 0.014 0.01)
(0.088 0.014 0.01)
(0.089 0.014 0.01)
(0.09 0.014 0.01)
(0.091 0.014 0.01)
(0.092 0.014 0.01)
(0.093 0.014 0.01)
(0.094 0.014 0.01)
(0.095 0.014 0.01)
(0.096 0.014 0.01)
(0.097 0.014 0.01)
(0.098 0.014 0.01)
(0.099 0.014 0.01)
(0.1 0.014 0.01)
(0.058 0.015 0.01)
(0.059 0.015 0.01)
(0.06 0.015 0.01)
(0.061 0.015 0.01)
(0.062 0.015 0.01)
(0.063 0.015 0.01)
(0.064 0.015 0.01)
(0.065 0.015 0.01)
(0.066 0.015 0.01)
(0.067 0.015 0.01)
(0.068 0.015 0.01)
(0.069 0.015 0.01)
(0.07 0.015 0.01)
(0.071 0.015 0.01)
(0.072 0.015 0.01)
(0.073 0.015 0.01)
(0.074 0.015 0.01)
(0.075 0.015 0.01)
(0.076 0.015 0.01)
(0.077 0.015 0.01)
(0.078 0.015 0.01)
(0.079 0.015 0.01)
(0.08 0.015 0.01)
(0.081 0.015 0.01)
(0.082 0.015 0.01)
(0.083 0.015 0.01)
(0.084 0.015 0.01)
(0.085 0.015 0.01)
(0.086 0.015 0.01)
(0.087 0.015 0.01)
(0.088 0.015 0.01)
(0.089 0.015 0.01)
(0.09 0.015 0.01)
(0.091 0.015 0.01)
(0.092 0.015 0.01)
(0.093 0.015 0.01)
(0.094 0.015 0.01)
(0.095 0.015 0.01)
(0.096 0.015 0.01)
(0.097 0.015 0.01)
(0.098 0.015 0.01)
(0.099 0.015 0.01)
(0.1 0.015 0.01)
(0.058 0.016 0.01)
(0.059 0.016 0.01)
(0.06 0.016 0.01)
(0.061 0.016 0.01)
(0.062 0.016 0.01)
(0.063 0.016 0.01)
(0.064 0.016 0.01)
(0.065 0.016 0.01)
(0.066 0.016 0.01)
(0.067 0.016 0.01)
(0.068 0.016 0.01)
(0.069 0.016 0.01)
(0.07 0.016 0.01)
(0.071 0.016 0.01)
(0.072 0.016 0.01)
(0.073 0.016 0.01)
(0.074 0.016 0.01)
(0.075 0.016 0.01)
(0.076 0.016 0.01)
(0.077 0.016 0.01)
(0.078 0.016 0.01)
(0.079 0.016 0.01)
(0.08 0.016 0.01)
(0.081 0.016 0.01)
(0.082 0.016 0.01)
(0.083 0.016 0.01)
(0.084 0.016 0.01)
(0.085 0.016 0.01)
(0.086 0.016 0.01)
(0.087 0.016 0.01)
(0.088 0.016 0.01)
(0.089 0.016 0.01)
(0.09 0.016 0.01)
(0.091 0.016 0.01)
(0.092 0.016 0.01)
(0.093 0.016 0.01)
(0.094 0.016 0.01)
(0.095 0.016 0.01)
(0.096 0.016 0.01)
(0.097 0.016 0.01)
(0.098 0.016 0.01)
(0.099 0.016 0.01)
(0.1 0.016 0.01)
(0.058 0.017 0.01)
(0.059 0.017 0.01)
(0.06 0.017 0.01)
(0.061 0.017 0.01)
(0.062 0.017 0.01)
(0.063 0.017 0.01)
(0.064 0.017 0.01)
(0.065 0.017 0.01)
(0.066 0.017 0.01)
(0.067 0.017 0.01)
(0.068 0.017 0.01)
(0.069 0.017 0.01)
(0.07 0.017 0.01)
(0.071 0.017 0.01)
(0.072 0.017 0.01)
(0.073 0.017 0.01)
(0.074 0.017 0.01)
(0.075 0.017 0.01)
(0.076 0.017 0.01)
(0.077 0.017 0.01)
(0.078 0.017 0.01)
(0.079 0.017 0.01)
(0.08 0.017 0.01)
(0.081 0.017 0.01)
(0.082 0.017 0.01)
(0.083 0.017 0.01)
(0.084 0.017 0.01)
(0.085 0.017 0.01)
(0.086 0.017 0.01)
(0.087 0.017 0.01)
(0.088 0.017 0.01)
(0.089 0.017 0.01)
(0.09 0.017 0.01)
(0.091 0.017 0.01)
(0.092 0.017 0.01)
(0.093 0.017 0.01)
(0.094 0.017 0.01)
(0.095 0.017 0.01)
(0.096 0.017 0.01)
(0.097 0.017 0.01)
(0.098 0.017 0.01)
(0.099 0.017 0.01)
(0.1 0.017 0.01)
(0.058 0.018 0.01)
(0.059 0.018 0.01)
(0.06 0.018 0.01)
(0.061 0.018 0.01)
(0.062 0.018 0.01)
(0.063 0.018 0.01)
(0.064 0.018 0.01)
(0.065 0.018 0.01)
(0.066 0.018 0.01)
(0.067 0.018 0.01)
(0.068 0.018 0.01)
(0.069 0.018 0.01)
(0.07 0.018 0.01)
(0.071 0.018 0.01)
(0.072 0.018 0.01)
(0.073 0.018 0.01)
(0.074 0.018 0.01)
(0.075 0.018 0.01)
(0.076 0.018 0.01)
(0.077 0.018 0.01)
(0.078 0.018 0.01)
(0.079 0.018 0.01)
(0.08 0.018 0.01)
(0.081 0.018 0.01)
(0.082 0.018 0.01)
(0.083 0.018 0.01)
(0.084 0.018 0.01)
(0.085 0.018 0.01)
(0.086 0.018 0.01)
(0.087 0.018 0.01)
(0.088 0.018 0.01)
(0.089 0.018 0.01)
(0.09 0.018 0.01)
(0.091 0.018 0.01)
(0.092 0.018 0.01)
(0.093 0.018 0.01)
(0.094 0.018 0.01)
(0.095 0.018 0.01)
(0.096 0.018 0.01)
(0.097 0.018 0.01)
(0.098 0.018 0.01)
(0.099 0.018 0.01)
(0.1 0.018 0.01)
(0.058 0.019 0.01)
(0.059 0.019 0.01)
(0.06 0.019 0.01)
(0.061 0.019 0.01)
(0.062 0.019 0.01)
(0.063 0.019 0.01)
(0.064 0.019 0.01)
(0.065 0.019 0.01)
(0.066 0.019 0.01)
(0.067 0.019 0.01)
(0.068 0.019 0.01)
(0.069 0.019 0.01)
(0.07 0.019 0.01)
(0.071 0.019 0.01)
(0.072 0.019 0.01)
(0.073 0.019 0.01)
(0.074 0.019 0.01)
(0.075 0.019 0.01)
(0.076 0.019 0.01)
(0.077 0.019 0.01)
(0.078 0.019 0.01)
(0.079 0.019 0.01)
(0.08 0.019 0.01)
(0.081 0.019 0.01)
(0.082 0.019 0.01)
(0.083 0.019 0.01)
(0.084 0.019 0.01)
(0.085 0.019 0.01)
(0.086 0.019 0.01)
(0.087 0.019 0.01)
(0.088 0.019 0.01)
(0.089 0.019 0.01)
(0.09 0.019 0.01)
(0.091 0.019 0.01)
(0.092 0.019 0.01)
(0.093 0.019 0.01)
(0.094 0.019 0.01)
(0.095 0.019 0.01)
(0.096 0.019 0.01)
(0.097 0.019 0.01)
(0.098 0.019 0.01)
(0.099 0.019 0.01)
(0.1 0.019 0.01)
(0.058 0.02 0.01)
(0.059 0.02 0.01)
(0.06 0.02 0.01)
(0.061 0.02 0.01)
(0.062 0.02 0.01)
(0.063 0.02 0.01)
(0.064 0.02 0.01)
(0.065 0.02 0.01)
(0.066 0.02 0.01)
(0.067 0.02 0.01)
(0.068 0.02 0.01)
(0.069 0.02 0.01)
(0.07 0.02 0.01)
(0.071 0.02 0.01)
(0.072 0.02 0.01)
(0.073 0.02 0.01)
(0.074 0.02 0.01)
(0.075 0.02 0.01)
(0.076 0.02 0.01)
(0.077 0.02 0.01)
(0.078 0.02 0.01)
(0.079 0.02 0.01)
(0.08 0.02 0.01)
(0.081 0.02 0.01)
(0.082 0.02 0.01)
(0.083 0.02 0.01)
(0.084 0.02 0.01)
(0.085 0.02 0.01)
(0.086 0.02 0.01)
(0.087 0.02 0.01)
(0.088 0.02 0.01)
(0.089 0.02 0.01)
(0.09 0.02 0.01)
(0.091 0.02 0.01)
(0.092 0.02 0.01)
(0.093 0.02 0.01)
(0.094 0.02 0.01)
(0.095 0.02 0.01)
(0.096 0.02 0.01)
(0.097 0.02 0.01)
(0.098 0.02 0.01)
(0.099 0.02 0.01)
(0.1 0.02 0.01)
(0.058 0.021 0.01)
(0.059 0.021 0.01)
(0.06 0.021 0.01)
(0.061 0.021 0.01)
(0.062 0.021 0.01)
(0.063 0.021 0.01)
(0.064 0.021 0.01)
(0.065 0.021 0.01)
(0.066 0.021 0.01)
(0.067 0.021 0.01)
(0.068 0.021 0.01)
(0.069 0.021 0.01)
(0.07 0.021 0.01)
(0.071 0.021 0.01)
(0.072 0.021 0.01)
(0.073 0.021 0.01)
(0.074 0.021 0.01)
(0.075 0.021 0.01)
(0.076 0.021 0.01)
(0.077 0.021 0.01)
(0.078 0.021 0.01)
(0.079 0.021 0.01)
(0.08 0.021 0.01)
(0.081 0.021 0.01)
(0.082 0.021 0.01)
(0.083 0.021 0.01)
(0.084 0.021 0.01)
(0.085 0.021 0.01)
(0.086 0.021 0.01)
(0.087 0.021 0.01)
(0.088 0.021 0.01)
(0.089 0.021 0.01)
(0.09 0.021 0.01)
(0.091 0.021 0.01)
(0.092 0.021 0.01)
(0.093 0.021 0.01)
(0.094 0.021 0.01)
(0.095 0.021 0.01)
(0.096 0.021 0.01)
(0.097 0.021 0.01)
(0.098 0.021 0.01)
(0.099 0.021 0.01)
(0.1 0.021 0.01)
(0.058 0.022 0.01)
(0.059 0.022 0.01)
(0.06 0.022 0.01)
(0.061 0.022 0.01)
(0.062 0.022 0.01)
(0.063 0.022 0.01)
(0.064 0.022 0.01)
(0.065 0.022 0.01)
(0.066 0.022 0.01)
(0.067 0.022 0.01)
(0.068 0.022 0.01)
(0.069 0.022 0.01)
(0.07 0.022 0.01)
(0.071 0.022 0.01)
(0.072 0.022 0.01)
(0.073 0.022 0.01)
(0.074 0.022 0.01)
(0.075 0.022 0.01)
(0.076 0.022 0.01)
(0.077 0.022 0.01)
(0.078 0.022 0.01)
(0.079 0.022 0.01)
(0.08 0.022 0.01)
(0.081 0.022 0.01)
(0.082 0.022 0.01)
(0.083 0.022 0.01)
(0.084 0.022 0.01)
(0.085 0.022 0.01)
(0.086 0.022 0.01)
(0.087 0.022 0.01)
(0.088 0.022 0.01)
(0.089 0.022 0.01)
(0.09 0.022 0.01)
(0.091 0.022 0.01)
(0.092 0.022 0.01)
(0.093 0.022 0.01)
(0.094 0.022 0.01)
(0.095 0.022 0.01)
(0.096 0.022 0.01)
(0.097 0.022 0.01)
(0.098 0.022 0.01)
(0.099 0.022 0.01)
(0.1 0.022 0.01)
(0.058 0.023 0.01)
(0.059 0.023 0.01)
(0.06 0.023 0.01)
(0.061 0.023 0.01)
(0.062 0.023 0.01)
(0.063 0.023 0.01)
(0.064 0.023 0.01)
(0.065 0.023 0.01)
(0.066 0.023 0.01)
(0.067 0.023 0.01)
(0.068 0.023 0.01)
(0.069 0.023 0.01)
(0.07 0.023 0.01)
(0.071 0.023 0.01)
(0.072 0.023 0.01)
(0.073 0.023 0.01)
(0.074 0.023 0.01)
(0.075 0.023 0.01)
(0.076 0.023 0.01)
(0.077 0.023 0.01)
(0.078 0.023 0.01)
(0.079 0.023 0.01)
(0.08 0.023 0.01)
(0.081 0.023 0.01)
(0.082 0.023 0.01)
(0.083 0.023 0.01)
(0.084 0.023 0.01)
(0.085 0.023 0.01)
(0.086 0.023 0.01)
(0.087 0.023 0.01)
(0.088 0.023 0.01)
(0.089 0.023 0.01)
(0.09 0.023 0.01)
(0.091 0.023 0.01)
(0.092 0.023 0.01)
(0.093 0.023 0.01)
(0.094 0.023 0.01)
(0.095 0.023 0.01)
(0.096 0.023 0.01)
(0.097 0.023 0.01)
(0.098 0.023 0.01)
(0.099 0.023 0.01)
(0.1 0.023 0.01)
(0.058 0.024 0.01)
(0.059 0.024 0.01)
(0.06 0.024 0.01)
(0.061 0.024 0.01)
(0.062 0.024 0.01)
(0.063 0.024 0.01)
(0.064 0.024 0.01)
(0.065 0.024 0.01)
(0.066 0.024 0.01)
(0.067 0.024 0.01)
(0.068 0.024 0.01)
(0.069 0.024 0.01)
(0.07 0.024 0.01)
(0.071 0.024 0.01)
(0.072 0.024 0.01)
(0.073 0.024 0.01)
(0.074 0.024 0.01)
(0.075 0.024 0.01)
(0.076 0.024 0.01)
(0.077 0.024 0.01)
(0.078 0.024 0.01)
(0.079 0.024 0.01)
(0.08 0.024 0.01)
(0.081 0.024 0.01)
(0.082 0.024 0.01)
(0.083 0.024 0.01)
(0.084 0.024 0.01)
(0.085 0.024 0.01)
(0.086 0.024 0.01)
(0.087 0.024 0.01)
(0.088 0.024 0.01)
(0.089 0.024 0.01)
(0.09 0.024 0.01)
(0.091 0.024 0.01)
(0.092 0.024 0.01)
(0.093 0.024 0.01)
(0.094 0.024 0.01)
(0.095 0.024 0.01)
(0.096 0.024 0.01)
(0.097 0.024 0.01)
(0.098 0.024 0.01)
(0.099 0.024 0.01)
(0.1 0.024 0.01)
(0.058 0.025 0.01)
(0.059 0.025 0.01)
(0.06 0.025 0.01)
(0.061 0.025 0.01)
(0.062 0.025 0.01)
(0.063 0.025 0.01)
(0.064 0.025 0.01)
(0.065 0.025 0.01)
(0.066 0.025 0.01)
(0.067 0.025 0.01)
(0.068 0.025 0.01)
(0.069 0.025 0.01)
(0.07 0.025 0.01)
(0.071 0.025 0.01)
(0.072 0.025 0.01)
(0.073 0.025 0.01)
(0.074 0.025 0.01)
(0.075 0.025 0.01)
(0.076 0.025 0.01)
(0.077 0.025 0.01)
(0.078 0.025 0.01)
(0.079 0.025 0.01)
(0.08 0.025 0.01)
(0.081 0.025 0.01)
(0.082 0.025 0.01)
(0.083 0.025 0.01)
(0.084 0.025 0.01)
(0.085 0.025 0.01)
(0.086 0.025 0.01)
(0.087 0.025 0.01)
(0.088 0.025 0.01)
(0.089 0.025 0.01)
(0.09 0.025 0.01)
(0.091 0.025 0.01)
(0.092 0.025 0.01)
(0.093 0.025 0.01)
(0.094 0.025 0.01)
(0.095 0.025 0.01)
(0.096 0.025 0.01)
(0.097 0.025 0.01)
(0.098 0.025 0.01)
(0.099 0.025 0.01)
(0.1 0.025 0.01)
(0.058 0.026 0.01)
(0.059 0.026 0.01)
(0.06 0.026 0.01)
(0.061 0.026 0.01)
(0.062 0.026 0.01)
(0.063 0.026 0.01)
(0.064 0.026 0.01)
(0.065 0.026 0.01)
(0.066 0.026 0.01)
(0.067 0.026 0.01)
(0.068 0.026 0.01)
(0.069 0.026 0.01)
(0.07 0.026 0.01)
(0.071 0.026 0.01)
(0.072 0.026 0.01)
(0.073 0.026 0.01)
(0.074 0.026 0.01)
(0.075 0.026 0.01)
(0.076 0.026 0.01)
(0.077 0.026 0.01)
(0.078 0.026 0.01)
(0.079 0.026 0.01)
(0.08 0.026 0.01)
(0.081 0.026 0.01)
(0.082 0.026 0.01)
(0.083 0.026 0.01)
(0.084 0.026 0.01)
(0.085 0.026 0.01)
(0.086 0.026 0.01)
(0.087 0.026 0.01)
(0.088 0.026 0.01)
(0.089 0.026 0.01)
(0.09 0.026 0.01)
(0.091 0.026 0.01)
(0.092 0.026 0.01)
(0.093 0.026 0.01)
(0.094 0.026 0.01)
(0.095 0.026 0.01)
(0.096 0.026 0.01)
(0.097 0.026 0.01)
(0.098 0.026 0.01)
(0.099 0.026 0.01)
(0.1 0.026 0.01)
(0.058 0.027 0.01)
(0.059 0.027 0.01)
(0.06 0.027 0.01)
(0.061 0.027 0.01)
(0.062 0.027 0.01)
(0.063 0.027 0.01)
(0.064 0.027 0.01)
(0.065 0.027 0.01)
(0.066 0.027 0.01)
(0.067 0.027 0.01)
(0.068 0.027 0.01)
(0.069 0.027 0.01)
(0.07 0.027 0.01)
(0.071 0.027 0.01)
(0.072 0.027 0.01)
(0.073 0.027 0.01)
(0.074 0.027 0.01)
(0.075 0.027 0.01)
(0.076 0.027 0.01)
(0.077 0.027 0.01)
(0.078 0.027 0.01)
(0.079 0.027 0.01)
(0.08 0.027 0.01)
(0.081 0.027 0.01)
(0.082 0.027 0.01)
(0.083 0.027 0.01)
(0.084 0.027 0.01)
(0.085 0.027 0.01)
(0.086 0.027 0.01)
(0.087 0.027 0.01)
(0.088 0.027 0.01)
(0.089 0.027 0.01)
(0.09 0.027 0.01)
(0.091 0.027 0.01)
(0.092 0.027 0.01)
(0.093 0.027 0.01)
(0.094 0.027 0.01)
(0.095 0.027 0.01)
(0.096 0.027 0.01)
(0.097 0.027 0.01)
(0.098 0.027 0.01)
(0.099 0.027 0.01)
(0.1 0.027 0.01)
(0.058 0.028 0.01)
(0.059 0.028 0.01)
(0.06 0.028 0.01)
(0.061 0.028 0.01)
(0.062 0.028 0.01)
(0.063 0.028 0.01)
(0.064 0.028 0.01)
(0.065 0.028 0.01)
(0.066 0.028 0.01)
(0.067 0.028 0.01)
(0.068 0.028 0.01)
(0.069 0.028 0.01)
(0.07 0.028 0.01)
(0.071 0.028 0.01)
(0.072 0.028 0.01)
(0.073 0.028 0.01)
(0.074 0.028 0.01)
(0.075 0.028 0.01)
(0.076 0.028 0.01)
(0.077 0.028 0.01)
(0.078 0.028 0.01)
(0.079 0.028 0.01)
(0.08 0.028 0.01)
(0.081 0.028 0.01)
(0.082 0.028 0.01)
(0.083 0.028 0.01)
(0.084 0.028 0.01)
(0.085 0.028 0.01)
(0.086 0.028 0.01)
(0.087 0.028 0.01)
(0.088 0.028 0.01)
(0.089 0.028 0.01)
(0.09 0.028 0.01)
(0.091 0.028 0.01)
(0.092 0.028 0.01)
(0.093 0.028 0.01)
(0.094 0.028 0.01)
(0.095 0.028 0.01)
(0.096 0.028 0.01)
(0.097 0.028 0.01)
(0.098 0.028 0.01)
(0.099 0.028 0.01)
(0.1 0.028 0.01)
(0.058 0.029 0.01)
(0.059 0.029 0.01)
(0.06 0.029 0.01)
(0.061 0.029 0.01)
(0.062 0.029 0.01)
(0.063 0.029 0.01)
(0.064 0.029 0.01)
(0.065 0.029 0.01)
(0.066 0.029 0.01)
(0.067 0.029 0.01)
(0.068 0.029 0.01)
(0.069 0.029 0.01)
(0.07 0.029 0.01)
(0.071 0.029 0.01)
(0.072 0.029 0.01)
(0.073 0.029 0.01)
(0.074 0.029 0.01)
(0.075 0.029 0.01)
(0.076 0.029 0.01)
(0.077 0.029 0.01)
(0.078 0.029 0.01)
(0.079 0.029 0.01)
(0.08 0.029 0.01)
(0.081 0.029 0.01)
(0.082 0.029 0.01)
(0.083 0.029 0.01)
(0.084 0.029 0.01)
(0.085 0.029 0.01)
(0.086 0.029 0.01)
(0.087 0.029 0.01)
(0.088 0.029 0.01)
(0.089 0.029 0.01)
(0.09 0.029 0.01)
(0.091 0.029 0.01)
(0.092 0.029 0.01)
(0.093 0.029 0.01)
(0.094 0.029 0.01)
(0.095 0.029 0.01)
(0.096 0.029 0.01)
(0.097 0.029 0.01)
(0.098 0.029 0.01)
(0.099 0.029 0.01)
(0.1 0.029 0.01)
(0.058 0.03 0.01)
(0.059 0.03 0.01)
(0.06 0.03 0.01)
(0.061 0.03 0.01)
(0.062 0.03 0.01)
(0.063 0.03 0.01)
(0.064 0.03 0.01)
(0.065 0.03 0.01)
(0.066 0.03 0.01)
(0.067 0.03 0.01)
(0.068 0.03 0.01)
(0.069 0.03 0.01)
(0.07 0.03 0.01)
(0.071 0.03 0.01)
(0.072 0.03 0.01)
(0.073 0.03 0.01)
(0.074 0.03 0.01)
(0.075 0.03 0.01)
(0.076 0.03 0.01)
(0.077 0.03 0.01)
(0.078 0.03 0.01)
(0.079 0.03 0.01)
(0.08 0.03 0.01)
(0.081 0.03 0.01)
(0.082 0.03 0.01)
(0.083 0.03 0.01)
(0.084 0.03 0.01)
(0.085 0.03 0.01)
(0.086 0.03 0.01)
(0.087 0.03 0.01)
(0.088 0.03 0.01)
(0.089 0.03 0.01)
(0.09 0.03 0.01)
(0.091 0.03 0.01)
(0.092 0.03 0.01)
(0.093 0.03 0.01)
(0.094 0.03 0.01)
(0.095 0.03 0.01)
(0.096 0.03 0.01)
(0.097 0.03 0.01)
(0.098 0.03 0.01)
(0.099 0.03 0.01)
(0.1 0.03 0.01)
(0.059 0.031 0.01)
(0.06 0.031 0.01)
(0.061 0.031 0.01)
(0.062 0.031 0.01)
(0.063 0.031 0.01)
(0.064 0.031 0.01)
(0.065 0.031 0.01)
(0.066 0.031 0.01)
(0.067 0.031 0.01)
(0.068 0.031 0.01)
(0.069 0.031 0.01)
(0.07 0.031 0.01)
(0.071 0.031 0.01)
(0.072 0.031 0.01)
(0.073 0.031 0.01)
)


// ************************************************************************* //
