/*--------------------------------*- C++ -*----------------------------------*\
  =========                 |
  \\      /  F ield         | OpenFOAM: The Open Source CFD Toolbox
   \\    /   O peration     | Website:  https://openfoam.org
    \\  /    A nd           | Version:  9
     \\/     M anipulation  |
\*---------------------------------------------------------------------------*/
FoamFile
{
    format      ascii;
    class       labelList;
    note        "nPoints: 2662 nCells: 1250 nFaces: 5080 nInternalFaces: 2420";
    location    "constant/polyMesh";
    object      neighbour;
}
// * * * * * * * * * * * * * * * * * * * * * * * * * * * * * * * * * * * * * //


2420
(
1
33
2
34
3
35
4
36
5
37
6
38
7
39
8
40
9
41
10
42
11
43
12
44
13
45
14
46
15
47
16
48
17
49
18
50
19
51
20
52
21
53
22
54
23
55
24
56
25
57
26
58
27
59
28
60
29
61
30
62
31
63
32
64
65
34
66
35
67
36
68
37
69
38
70
39
71
40
72
41
73
42
74
43
75
44
76
45
77
46
78
47
79
48
80
49
81
50
82
51
83
52
84
53
85
54
86
55
87
56
88
57
89
58
90
59
91
60
92
61
93
62
94
63
95
64
96
65
97
98
67
99
68
100
69
101
70
102
71
103
72
104
73
105
74
106
75
107
76
108
77
109
78
110
79
111
80
112
81
113
82
114
83
115
84
116
85
117
86
118
87
119
88
120
89
121
90
122
91
123
92
124
93
125
94
126
95
127
96
128
97
129
98
130
131
100
132
101
133
102
134
103
135
104
136
105
137
106
138
107
139
108
140
109
141
110
142
111
143
112
144
113
145
114
146
115
147
116
148
117
149
118
150
119
151
120
152
121
153
122
154
123
155
124
156
125
157
126
158
127
159
128
160
129
161
130
162
131
163
164
133
165
134
166
135
167
136
168
137
169
138
170
139
171
140
172
141
173
142
174
143
175
144
176
145
177
146
178
147
179
148
180
149
181
150
182
151
183
152
184
153
185
154
186
155
187
156
188
157
189
158
190
159
191
160
192
161
193
162
194
163
195
164
196
197
166
198
167
199
168
200
169
201
170
202
171
203
172
204
173
205
174
206
175
207
176
208
177
209
178
210
179
211
180
212
181
213
182
214
183
215
184
216
185
217
186
218
187
219
188
220
189
221
190
222
191
223
192
224
193
225
194
226
195
227
196
228
197
229
230
199
231
200
232
201
233
202
234
203
235
204
236
205
237
206
238
207
239
208
240
209
241
210
242
211
243
212
244
213
245
214
246
215
247
216
248
217
249
218
250
219
251
220
252
221
253
222
254
223
255
224
256
225
257
226
258
227
259
228
260
229
261
230
262
263
232
264
233
265
234
266
235
267
236
268
237
269
238
270
239
271
240
272
241
273
242
274
243
275
244
276
245
277
246
278
247
279
248
280
249
281
250
282
251
283
252
284
253
285
254
286
255
287
256
288
257
289
258
290
259
291
260
292
261
293
262
294
263
265
295
266
296
267
297
268
298
269
299
270
300
271
301
272
302
273
303
274
304
275
305
276
306
277
307
278
308
279
309
280
310
281
311
282
312
283
313
284
314
285
315
286
316
287
317
288
318
289
319
290
320
291
321
292
322
293
323
294
296
324
297
325
298
326
299
327
300
328
301
329
302
330
303
331
304
332
305
333
306
334
307
335
308
336
309
337
310
338
311
339
312
340
313
341
314
342
315
343
316
344
317
345
318
346
319
347
320
348
321
349
322
350
323
351
352
325
353
326
354
327
355
328
356
329
357
330
358
331
359
332
360
333
361
334
362
335
363
336
364
337
365
338
366
339
367
340
368
341
369
342
370
343
371
344
372
345
373
346
374
347
375
348
376
349
377
350
378
351
379
352
380
381
354
382
355
383
356
384
357
385
358
386
359
387
360
388
361
389
362
390
363
391
364
392
365
393
366
394
367
395
368
396
369
397
370
398
371
399
372
400
373
401
374
402
375
403
376
404
377
405
378
406
379
407
380
408
381
409
410
383
411
384
412
385
413
386
414
387
415
388
416
389
417
390
418
391
419
392
420
393
421
394
422
395
423
396
424
397
425
398
426
399
427
400
428
401
429
402
430
403
431
404
432
405
433
406
434
407
435
408
436
409
437
410
438
439
412
440
413
441
414
442
415
443
416
444
417
445
418
446
419
447
420
448
421
449
422
450
423
451
424
452
425
453
426
454
427
455
428
456
429
457
430
458
431
459
432
460
433
461
434
462
435
463
436
464
437
465
438
466
439
467
468
441
469
442
470
443
471
444
472
445
473
446
474
447
475
448
476
449
477
450
478
451
479
452
480
453
481
454
482
455
483
456
484
457
485
458
486
459
487
460
488
461
489
462
490
463
491
464
492
465
493
466
494
467
495
468
496
497
470
498
471
499
472
500
473
501
474
502
475
503
476
504
477
505
478
506
479
507
480
508
481
509
482
510
483
511
484
512
485
513
486
514
487
515
488
516
489
517
490
518
491
519
492
520
493
521
494
522
495
523
496
524
497
525
526
499
527
500
528
501
529
502
530
503
531
504
532
505
533
506
534
507
535
508
536
509
537
510
538
511
539
512
540
513
541
514
542
515
543
516
544
517
545
518
546
519
547
520
548
521
549
522
550
523
551
524
552
525
553
526
554
555
528
556
529
557
530
558
531
559
532
560
533
561
534
562
535
563
536
564
537
565
538
566
539
567
540
568
541
569
542
570
543
571
544
572
545
573
546
574
547
575
548
576
549
577
550
578
551
579
552
580
553
581
554
582
555
583
584
557
585
558
586
559
587
560
588
561
589
562
590
563
591
564
592
565
593
566
594
567
595
568
596
569
597
570
598
571
599
572
600
573
601
574
602
575
603
576
604
577
605
578
606
579
607
580
608
581
609
582
610
583
611
584
612
613
586
615
587
616
588
617
589
618
590
619
591
620
592
621
593
622
594
623
595
624
596
625
597
626
598
627
599
628
600
629
601
630
602
631
603
632
604
633
605
634
606
635
607
636
608
637
609
638
610
639
611
640
612
641
613
642
643
615
644
616
645
617
646
618
647
619
648
620
649
621
650
622
651
623
652
624
653
625
654
626
655
627
656
628
657
629
658
630
659
631
660
632
661
633
662
634
663
635
664
636
665
637
666
638
667
639
668
640
669
641
670
642
671
643
672
673
645
674
646
675
647
676
648
677
649
678
650
679
651
680
652
681
653
682
654
683
655
684
656
685
657
686
658
687
659
688
660
689
661
690
662
691
663
692
664
693
665
694
666
695
667
696
668
697
669
698
670
699
671
700
672
701
673
702
703
675
704
676
705
677
706
678
707
679
708
680
709
681
710
682
711
683
712
684
713
685
714
686
715
687
716
688
717
689
718
690
719
691
720
692
721
693
722
694
723
695
724
696
725
697
726
698
727
699
728
700
729
701
730
702
731
703
732
733
705
734
706
735
707
736
708
737
709
738
710
739
711
740
712
741
713
742
714
743
715
744
716
745
717
746
718
747
719
748
720
749
721
750
722
751
723
752
724
753
725
754
726
755
727
756
728
757
729
758
730
759
731
760
732
761
733
762
763
735
764
736
765
737
766
738
767
739
768
740
769
741
770
742
771
743
772
744
773
745
774
746
775
747
776
748
777
749
778
750
779
751
780
752
781
753
782
754
783
755
784
756
785
757
786
758
787
759
788
760
789
761
790
762
791
763
792
793
765
794
766
795
767
796
768
797
769
798
770
799
771
800
772
801
773
802
774
803
775
804
776
805
777
806
778
807
779
808
780
809
781
810
782
811
783
812
784
813
785
814
786
815
787
816
788
817
789
818
790
819
791
820
792
821
793
822
823
795
824
796
825
797
826
798
827
799
828
800
829
801
830
802
831
803
832
804
833
805
834
806
835
807
836
808
837
809
838
810
839
811
840
812
841
813
842
814
843
815
844
816
845
817
846
818
847
819
848
820
849
821
850
822
851
823
852
853
825
854
826
855
827
856
828
857
829
858
830
859
831
860
832
861
833
862
834
863
835
864
836
865
837
866
838
867
839
868
840
869
841
870
842
871
843
872
844
873
845
874
846
875
847
876
848
877
849
878
850
879
851
880
852
881
853
882
883
855
884
856
885
857
886
858
887
859
888
860
889
861
890
862
891
863
892
864
893
865
894
866
895
867
896
868
897
869
898
870
899
871
900
872
901
873
902
874
903
875
904
876
905
877
906
878
907
879
908
880
881
882
883
885
909
886
910
887
911
888
912
889
913
890
914
891
915
892
916
893
917
894
918
895
919
896
920
897
921
898
922
899
923
900
924
901
925
902
926
903
927
904
928
905
929
906
930
907
931
908
932
933
910
934
911
935
912
936
913
937
914
938
915
939
916
940
917
941
918
942
919
943
920
944
921
945
922
946
923
947
924
948
925
949
926
950
927
951
928
952
929
953
930
954
931
955
932
956
933
957
958
935
959
936
960
937
961
938
962
939
963
940
964
941
965
942
966
943
967
944
968
945
969
946
970
947
971
948
972
949
973
950
974
951
975
952
976
953
977
954
978
955
979
956
980
957
981
958
982
983
960
984
961
985
962
986
963
987
964
988
965
989
966
990
967
991
968
992
969
993
970
994
971
995
972
996
973
997
974
998
975
999
976
1000
977
1001
978
1002
979
1003
980
1004
981
1005
982
1006
983
1007
1008
985
1009
986
1010
987
1011
988
1012
989
1013
990
1014
991
1015
992
1016
993
1017
994
1018
995
1019
996
1020
997
1021
998
1022
999
1023
1000
1024
1001
1025
1002
1026
1003
1027
1004
1028
1005
1029
1006
1030
1007
1031
1008
1032
1033
1010
1034
1011
1035
1012
1036
1013
1037
1014
1038
1015
1039
1016
1040
1017
1041
1018
1042
1019
1043
1020
1044
1021
1045
1022
1046
1023
1047
1024
1048
1025
1049
1026
1050
1027
1051
1028
1052
1029
1053
1030
1054
1031
1055
1032
1056
1033
1057
1035
1058
1036
1059
1037
1060
1038
1061
1039
1062
1040
1063
1041
1064
1042
1065
1043
1066
1044
1067
1045
1068
1046
1069
1047
1070
1048
1071
1049
1072
1050
1073
1051
1074
1052
1075
1053
1076
1054
1077
1055
1078
1056
1079
1057
1080
1081
1059
1082
1060
1083
1061
1084
1062
1085
1063
1086
1064
1087
1065
1088
1066
1089
1067
1090
1068
1091
1069
1092
1070
1093
1071
1094
1072
1095
1073
1096
1074
1097
1075
1098
1076
1099
1077
1100
1078
1101
1079
1102
1080
1081
1083
1103
1084
1104
1085
1105
1086
1106
1087
1107
1088
1108
1089
1109
1090
1110
1091
1111
1092
1112
1093
1113
1094
1114
1095
1115
1096
1116
1097
1117
1098
1118
1099
1119
1100
1120
1101
1121
1102
1122
1123
1104
1124
1105
1125
1106
1126
1107
1127
1108
1128
1109
1129
1110
1130
1111
1131
1112
1132
1113
1133
1114
1134
1115
1135
1116
1136
1117
1137
1118
1138
1119
1139
1120
1140
1121
1141
1122
1142
1123
1143
1144
1125
1145
1126
1146
1127
1147
1128
1148
1129
1149
1130
1150
1131
1151
1132
1152
1133
1153
1134
1154
1135
1155
1136
1156
1137
1157
1138
1158
1139
1159
1140
1160
1141
1161
1142
1162
1143
1163
1144
1164
1165
1146
1166
1147
1167
1148
1168
1149
1169
1150
1170
1151
1171
1152
1172
1153
1173
1154
1174
1155
1175
1156
1176
1157
1177
1158
1178
1159
1179
1160
1180
1161
1181
1162
1182
1163
1183
1164
1184
1165
1185
1186
1167
1187
1168
1188
1169
1189
1170
1190
1171
1191
1172
1192
1173
1193
1174
1194
1175
1195
1176
1196
1177
1197
1178
1198
1179
1199
1180
1200
1181
1201
1182
1202
1183
1203
1184
1204
1185
1205
1186
1206
1207
1188
1208
1189
1209
1190
1210
1191
1211
1192
1212
1193
1213
1194
1214
1195
1215
1196
1216
1197
1217
1198
1218
1199
1219
1200
1220
1201
1221
1202
1222
1203
1223
1204
1224
1205
1225
1206
1226
1207
1227
1228
1209
1210
1211
1212
1213
1214
1215
1229
1216
1230
1217
1231
1218
1232
1219
1233
1220
1234
1221
1235
1222
1236
1223
1237
1224
1238
1225
1239
1226
1240
1227
1241
1228
1242
1243
1230
1231
1232
1233
1234
1235
1236
1237
1238
1239
1244
1240
1245
1241
1246
1242
1247
1243
1248
1249
1245
1246
1247
1248
1249
)


// ************************************************************************* //
