/*--------------------------------*- C++ -*----------------------------------*\
  =========                 |
  \\      /  F ield         | OpenFOAM: The Open Source CFD Toolbox
   \\    /   O peration     | Website:  https://openfoam.org
    \\  /    A nd           | Version:  9
     \\/     M anipulation  |
\*---------------------------------------------------------------------------*/
FoamFile
{
    format      ascii;
    class       vectorField;
    location    "constant/polyMesh";
    object      points;
}
// * * * * * * * * * * * * * * * * * * * * * * * * * * * * * * * * * * * * * //


2648
(
(0.026 0.071 0)
(0.027 0.071 0)
(0.028 0.071 0)
(0.029 0.071 0)
(0.03 0.071 0)
(0.031 0.071 0)
(0.032 0.071 0)
(0.033 0.071 0)
(0.034 0.071 0)
(0.035 0.071 0)
(0.036 0.071 0)
(0.037 0.071 0)
(0.038 0.071 0)
(0.039 0.071 0)
(0.04 0.071 0)
(0.041 0.071 0)
(0.042 0.071 0)
(0.043 0.071 0)
(0.044 0.071 0)
(0 0.072 0)
(0.001 0.072 0)
(0.002 0.072 0)
(0.003 0.072 0)
(0.004 0.072 0)
(0.005 0.072 0)
(0.006 0.072 0)
(0.007 0.072 0)
(0.008 0.072 0)
(0.009 0.072 0)
(0.01 0.072 0)
(0.011 0.072 0)
(0.012 0.072 0)
(0.013 0.072 0)
(0.014 0.072 0)
(0.015 0.072 0)
(0.016 0.072 0)
(0.017 0.072 0)
(0.018 0.072 0)
(0.019 0.072 0)
(0.02 0.072 0)
(0.021 0.072 0)
(0.022 0.072 0)
(0.023 0.072 0)
(0.024 0.072 0)
(0.025 0.072 0)
(0.026 0.072 0)
(0.027 0.072 0)
(0.028 0.072 0)
(0.029 0.072 0)
(0.03 0.072 0)
(0.031 0.072 0)
(0.032 0.072 0)
(0.033 0.072 0)
(0.034 0.072 0)
(0.035 0.072 0)
(0.036 0.072 0)
(0.037 0.072 0)
(0.038 0.072 0)
(0.039 0.072 0)
(0.04 0.072 0)
(0.041 0.072 0)
(0.042 0.072 0)
(0.043 0.072 0)
(0.044 0.072 0)
(0 0.073 0)
(0.001 0.073 0)
(0.002 0.073 0)
(0.003 0.073 0)
(0.004 0.073 0)
(0.005 0.073 0)
(0.006 0.073 0)
(0.007 0.073 0)
(0.008 0.073 0)
(0.009 0.073 0)
(0.01 0.073 0)
(0.011 0.073 0)
(0.012 0.073 0)
(0.013 0.073 0)
(0.014 0.073 0)
(0.015 0.073 0)
(0.016 0.073 0)
(0.017 0.073 0)
(0.018 0.073 0)
(0.019 0.073 0)
(0.02 0.073 0)
(0.021 0.073 0)
(0.022 0.073 0)
(0.023 0.073 0)
(0.024 0.073 0)
(0.025 0.073 0)
(0.026 0.073 0)
(0.027 0.073 0)
(0.028 0.073 0)
(0.029 0.073 0)
(0.03 0.073 0)
(0.031 0.073 0)
(0.032 0.073 0)
(0.033 0.073 0)
(0.034 0.073 0)
(0.035 0.073 0)
(0.036 0.073 0)
(0.037 0.073 0)
(0.038 0.073 0)
(0.039 0.073 0)
(0.04 0.073 0)
(0.041 0.073 0)
(0.042 0.073 0)
(0.043 0.073 0)
(0.044 0.073 0)
(0 0.074 0)
(0.001 0.074 0)
(0.002 0.074 0)
(0.003 0.074 0)
(0.004 0.074 0)
(0.005 0.074 0)
(0.006 0.074 0)
(0.007 0.074 0)
(0.008 0.074 0)
(0.009 0.074 0)
(0.01 0.074 0)
(0.011 0.074 0)
(0.012 0.074 0)
(0.013 0.074 0)
(0.014 0.074 0)
(0.015 0.074 0)
(0.016 0.074 0)
(0.017 0.074 0)
(0.018 0.074 0)
(0.019 0.074 0)
(0.02 0.074 0)
(0.021 0.074 0)
(0.022 0.074 0)
(0.023 0.074 0)
(0.024 0.074 0)
(0.025 0.074 0)
(0.026 0.074 0)
(0.027 0.074 0)
(0.028 0.074 0)
(0.029 0.074 0)
(0.03 0.074 0)
(0.031 0.074 0)
(0.032 0.074 0)
(0.033 0.074 0)
(0.034 0.074 0)
(0.035 0.074 0)
(0.036 0.074 0)
(0.037 0.074 0)
(0.038 0.074 0)
(0.039 0.074 0)
(0.04 0.074 0)
(0.041 0.074 0)
(0.042 0.074 0)
(0.043 0.074 0)
(0.044 0.074 0)
(0 0.075 0)
(0.001 0.075 0)
(0.002 0.075 0)
(0.003 0.075 0)
(0.004 0.075 0)
(0.005 0.075 0)
(0.006 0.075 0)
(0.007 0.075 0)
(0.008 0.075 0)
(0.009 0.075 0)
(0.01 0.075 0)
(0.011 0.075 0)
(0.012 0.075 0)
(0.013 0.075 0)
(0.014 0.075 0)
(0.015 0.075 0)
(0.016 0.075 0)
(0.017 0.075 0)
(0.018 0.075 0)
(0.019 0.075 0)
(0.02 0.075 0)
(0.021 0.075 0)
(0.022 0.075 0)
(0.023 0.075 0)
(0.024 0.075 0)
(0.025 0.075 0)
(0.026 0.075 0)
(0.027 0.075 0)
(0.028 0.075 0)
(0.029 0.075 0)
(0.03 0.075 0)
(0.031 0.075 0)
(0.032 0.075 0)
(0.033 0.075 0)
(0.034 0.075 0)
(0.035 0.075 0)
(0.036 0.075 0)
(0.037 0.075 0)
(0.038 0.075 0)
(0.039 0.075 0)
(0.04 0.075 0)
(0.041 0.075 0)
(0.042 0.075 0)
(0.043 0.075 0)
(0.044 0.075 0)
(0 0.076 0)
(0.001 0.076 0)
(0.002 0.076 0)
(0.003 0.076 0)
(0.004 0.076 0)
(0.005 0.076 0)
(0.006 0.076 0)
(0.007 0.076 0)
(0.008 0.076 0)
(0.009 0.076 0)
(0.01 0.076 0)
(0.011 0.076 0)
(0.012 0.076 0)
(0.013 0.076 0)
(0.014 0.076 0)
(0.015 0.076 0)
(0.016 0.076 0)
(0.017 0.076 0)
(0.018 0.076 0)
(0.019 0.076 0)
(0.02 0.076 0)
(0.021 0.076 0)
(0.022 0.076 0)
(0.023 0.076 0)
(0.024 0.076 0)
(0.025 0.076 0)
(0.026 0.076 0)
(0.027 0.076 0)
(0.028 0.076 0)
(0.029 0.076 0)
(0.03 0.076 0)
(0.031 0.076 0)
(0.032 0.076 0)
(0.033 0.076 0)
(0.034 0.076 0)
(0.035 0.076 0)
(0.036 0.076 0)
(0.037 0.076 0)
(0.038 0.076 0)
(0.039 0.076 0)
(0.04 0.076 0)
(0.041 0.076 0)
(0.042 0.076 0)
(0.043 0.076 0)
(0.044 0.076 0)
(0 0.077 0)
(0.001 0.077 0)
(0.002 0.077 0)
(0.003 0.077 0)
(0.004 0.077 0)
(0.005 0.077 0)
(0.006 0.077 0)
(0.007 0.077 0)
(0.008 0.077 0)
(0.009 0.077 0)
(0.01 0.077 0)
(0.011 0.077 0)
(0.012 0.077 0)
(0.013 0.077 0)
(0.014 0.077 0)
(0.015 0.077 0)
(0.016 0.077 0)
(0.017 0.077 0)
(0.018 0.077 0)
(0.019 0.077 0)
(0.02 0.077 0)
(0.021 0.077 0)
(0.022 0.077 0)
(0.023 0.077 0)
(0.024 0.077 0)
(0.025 0.077 0)
(0.026 0.077 0)
(0.027 0.077 0)
(0.028 0.077 0)
(0.029 0.077 0)
(0.03 0.077 0)
(0.031 0.077 0)
(0.032 0.077 0)
(0.033 0.077 0)
(0.034 0.077 0)
(0.035 0.077 0)
(0.036 0.077 0)
(0.037 0.077 0)
(0.038 0.077 0)
(0.039 0.077 0)
(0.04 0.077 0)
(0.041 0.077 0)
(0.042 0.077 0)
(0.043 0.077 0)
(0.044 0.077 0)
(0 0.078 0)
(0.001 0.078 0)
(0.002 0.078 0)
(0.003 0.078 0)
(0.004 0.078 0)
(0.005 0.078 0)
(0.006 0.078 0)
(0.007 0.078 0)
(0.008 0.078 0)
(0.009 0.078 0)
(0.01 0.078 0)
(0.011 0.078 0)
(0.012 0.078 0)
(0.013 0.078 0)
(0.014 0.078 0)
(0.015 0.078 0)
(0.016 0.078 0)
(0.017 0.078 0)
(0.018 0.078 0)
(0.019 0.078 0)
(0.02 0.078 0)
(0.021 0.078 0)
(0.022 0.078 0)
(0.023 0.078 0)
(0.024 0.078 0)
(0.025 0.078 0)
(0.026 0.078 0)
(0.027 0.078 0)
(0.028 0.078 0)
(0.029 0.078 0)
(0.03 0.078 0)
(0.031 0.078 0)
(0.032 0.078 0)
(0.033 0.078 0)
(0.034 0.078 0)
(0.035 0.078 0)
(0.036 0.078 0)
(0.037 0.078 0)
(0.038 0.078 0)
(0.039 0.078 0)
(0.04 0.078 0)
(0.041 0.078 0)
(0.042 0.078 0)
(0.043 0.078 0)
(0.044 0.078 0)
(0 0.079 0)
(0.001 0.079 0)
(0.002 0.079 0)
(0.003 0.079 0)
(0.004 0.079 0)
(0.005 0.079 0)
(0.006 0.079 0)
(0.007 0.079 0)
(0.008 0.079 0)
(0.009 0.079 0)
(0.01 0.079 0)
(0.011 0.079 0)
(0.012 0.079 0)
(0.013 0.079 0)
(0.014 0.079 0)
(0.015 0.079 0)
(0.016 0.079 0)
(0.017 0.079 0)
(0.018 0.079 0)
(0.019 0.079 0)
(0.02 0.079 0)
(0.021 0.079 0)
(0.022 0.079 0)
(0.023 0.079 0)
(0.024 0.079 0)
(0.025 0.079 0)
(0.026 0.079 0)
(0.027 0.079 0)
(0.028 0.079 0)
(0.029 0.079 0)
(0.03 0.079 0)
(0.031 0.079 0)
(0.032 0.079 0)
(0.033 0.079 0)
(0.034 0.079 0)
(0.035 0.079 0)
(0.036 0.079 0)
(0.037 0.079 0)
(0.038 0.079 0)
(0.039 0.079 0)
(0.04 0.079 0)
(0.041 0.079 0)
(0.042 0.079 0)
(0.043 0.079 0)
(0.044 0.079 0)
(0 0.08 0)
(0.001 0.08 0)
(0.002 0.08 0)
(0.003 0.08 0)
(0.004 0.08 0)
(0.005 0.08 0)
(0.006 0.08 0)
(0.007 0.08 0)
(0.008 0.08 0)
(0.009 0.08 0)
(0.01 0.08 0)
(0.011 0.08 0)
(0.012 0.08 0)
(0.013 0.08 0)
(0.014 0.08 0)
(0.015 0.08 0)
(0.016 0.08 0)
(0.017 0.08 0)
(0.018 0.08 0)
(0.019 0.08 0)
(0.02 0.08 0)
(0.021 0.08 0)
(0.022 0.08 0)
(0.023 0.08 0)
(0.024 0.08 0)
(0.025 0.08 0)
(0.026 0.08 0)
(0.027 0.08 0)
(0.028 0.08 0)
(0.029 0.08 0)
(0.03 0.08 0)
(0.031 0.08 0)
(0.032 0.08 0)
(0.033 0.08 0)
(0.034 0.08 0)
(0.035 0.08 0)
(0.036 0.08 0)
(0.037 0.08 0)
(0.038 0.08 0)
(0.039 0.08 0)
(0.04 0.08 0)
(0.041 0.08 0)
(0.042 0.08 0)
(0.043 0.08 0)
(0.044 0.08 0)
(0 0.081 0)
(0.001 0.081 0)
(0.002 0.081 0)
(0.003 0.081 0)
(0.004 0.081 0)
(0.005 0.081 0)
(0.006 0.081 0)
(0.007 0.081 0)
(0.008 0.081 0)
(0.009 0.081 0)
(0.01 0.081 0)
(0.011 0.081 0)
(0.012 0.081 0)
(0.013 0.081 0)
(0.014 0.081 0)
(0.015 0.081 0)
(0.016 0.081 0)
(0.017 0.081 0)
(0.018 0.081 0)
(0.019 0.081 0)
(0.02 0.081 0)
(0.021 0.081 0)
(0.022 0.081 0)
(0.023 0.081 0)
(0.024 0.081 0)
(0.025 0.081 0)
(0.026 0.081 0)
(0.027 0.081 0)
(0.028 0.081 0)
(0.029 0.081 0)
(0.03 0.081 0)
(0.031 0.081 0)
(0.032 0.081 0)
(0.033 0.081 0)
(0.034 0.081 0)
(0.035 0.081 0)
(0.036 0.081 0)
(0.037 0.081 0)
(0.038 0.081 0)
(0.039 0.081 0)
(0.04 0.081 0)
(0.041 0.081 0)
(0.042 0.081 0)
(0.043 0.081 0)
(0.044 0.081 0)
(0 0.082 0)
(0.001 0.082 0)
(0.002 0.082 0)
(0.003 0.082 0)
(0.004 0.082 0)
(0.005 0.082 0)
(0.006 0.082 0)
(0.007 0.082 0)
(0.008 0.082 0)
(0.009 0.082 0)
(0.01 0.082 0)
(0.011 0.082 0)
(0.012 0.082 0)
(0.013 0.082 0)
(0.014 0.082 0)
(0.015 0.082 0)
(0.016 0.082 0)
(0.017 0.082 0)
(0.018 0.082 0)
(0.019 0.082 0)
(0.02 0.082 0)
(0.021 0.082 0)
(0.022 0.082 0)
(0.023 0.082 0)
(0.024 0.082 0)
(0.025 0.082 0)
(0.026 0.082 0)
(0.027 0.082 0)
(0.028 0.082 0)
(0.029 0.082 0)
(0.03 0.082 0)
(0.031 0.082 0)
(0.032 0.082 0)
(0.033 0.082 0)
(0.034 0.082 0)
(0.035 0.082 0)
(0.036 0.082 0)
(0.037 0.082 0)
(0.038 0.082 0)
(0.039 0.082 0)
(0.04 0.082 0)
(0.041 0.082 0)
(0.042 0.082 0)
(0.043 0.082 0)
(0.044 0.082 0)
(0 0.083 0)
(0.001 0.083 0)
(0.002 0.083 0)
(0.003 0.083 0)
(0.004 0.083 0)
(0.005 0.083 0)
(0.006 0.083 0)
(0.007 0.083 0)
(0.008 0.083 0)
(0.009 0.083 0)
(0.01 0.083 0)
(0.011 0.083 0)
(0.012 0.083 0)
(0.013 0.083 0)
(0.014 0.083 0)
(0.015 0.083 0)
(0.016 0.083 0)
(0.017 0.083 0)
(0.018 0.083 0)
(0.019 0.083 0)
(0.02 0.083 0)
(0.021 0.083 0)
(0.022 0.083 0)
(0.023 0.083 0)
(0.024 0.083 0)
(0.025 0.083 0)
(0.026 0.083 0)
(0.027 0.083 0)
(0.028 0.083 0)
(0.029 0.083 0)
(0.03 0.083 0)
(0.031 0.083 0)
(0.032 0.083 0)
(0.033 0.083 0)
(0.034 0.083 0)
(0.035 0.083 0)
(0.036 0.083 0)
(0.037 0.083 0)
(0.038 0.083 0)
(0.039 0.083 0)
(0.04 0.083 0)
(0.041 0.083 0)
(0.042 0.083 0)
(0.043 0.083 0)
(0.044 0.083 0)
(0 0.084 0)
(0.001 0.084 0)
(0.002 0.084 0)
(0.003 0.084 0)
(0.004 0.084 0)
(0.005 0.084 0)
(0.006 0.084 0)
(0.007 0.084 0)
(0.008 0.084 0)
(0.009 0.084 0)
(0.01 0.084 0)
(0.011 0.084 0)
(0.012 0.084 0)
(0.013 0.084 0)
(0.014 0.084 0)
(0.015 0.084 0)
(0.016 0.084 0)
(0.017 0.084 0)
(0.018 0.084 0)
(0.019 0.084 0)
(0.02 0.084 0)
(0.021 0.084 0)
(0.022 0.084 0)
(0.023 0.084 0)
(0.024 0.084 0)
(0.025 0.084 0)
(0.026 0.084 0)
(0.027 0.084 0)
(0.028 0.084 0)
(0.029 0.084 0)
(0.03 0.084 0)
(0.031 0.084 0)
(0.032 0.084 0)
(0.033 0.084 0)
(0.034 0.084 0)
(0.035 0.084 0)
(0.036 0.084 0)
(0.037 0.084 0)
(0.038 0.084 0)
(0.039 0.084 0)
(0.04 0.084 0)
(0.041 0.084 0)
(0.042 0.084 0)
(0.043 0.084 0)
(0.044 0.084 0)
(0 0.085 0)
(0.001 0.085 0)
(0.002 0.085 0)
(0.003 0.085 0)
(0.004 0.085 0)
(0.005 0.085 0)
(0.006 0.085 0)
(0.007 0.085 0)
(0.008 0.085 0)
(0.009 0.085 0)
(0.01 0.085 0)
(0.011 0.085 0)
(0.012 0.085 0)
(0.013 0.085 0)
(0.014 0.085 0)
(0.015 0.085 0)
(0.016 0.085 0)
(0.017 0.085 0)
(0.018 0.085 0)
(0.019 0.085 0)
(0.02 0.085 0)
(0.021 0.085 0)
(0.022 0.085 0)
(0.023 0.085 0)
(0.024 0.085 0)
(0.025 0.085 0)
(0.026 0.085 0)
(0.027 0.085 0)
(0.028 0.085 0)
(0.029 0.085 0)
(0.03 0.085 0)
(0.031 0.085 0)
(0.032 0.085 0)
(0.033 0.085 0)
(0.034 0.085 0)
(0.035 0.085 0)
(0.036 0.085 0)
(0.037 0.085 0)
(0.038 0.085 0)
(0.039 0.085 0)
(0.04 0.085 0)
(0.041 0.085 0)
(0.042 0.085 0)
(0.043 0.085 0)
(0.044 0.085 0)
(0 0.086 0)
(0.001 0.086 0)
(0.002 0.086 0)
(0.003 0.086 0)
(0.004 0.086 0)
(0.005 0.086 0)
(0.006 0.086 0)
(0.007 0.086 0)
(0.008 0.086 0)
(0.009 0.086 0)
(0.01 0.086 0)
(0.011 0.086 0)
(0.012 0.086 0)
(0.013 0.086 0)
(0.014 0.086 0)
(0.015 0.086 0)
(0.016 0.086 0)
(0.017 0.086 0)
(0.018 0.086 0)
(0.019 0.086 0)
(0.02 0.086 0)
(0.021 0.086 0)
(0.022 0.086 0)
(0.023 0.086 0)
(0.024 0.086 0)
(0.025 0.086 0)
(0.026 0.086 0)
(0.027 0.086 0)
(0.028 0.086 0)
(0.029 0.086 0)
(0.03 0.086 0)
(0.031 0.086 0)
(0.032 0.086 0)
(0.033 0.086 0)
(0.034 0.086 0)
(0.035 0.086 0)
(0.036 0.086 0)
(0.037 0.086 0)
(0.038 0.086 0)
(0.039 0.086 0)
(0.04 0.086 0)
(0.041 0.086 0)
(0.042 0.086 0)
(0.043 0.086 0)
(0.044 0.086 0)
(0 0.087 0)
(0.001 0.087 0)
(0.002 0.087 0)
(0.003 0.087 0)
(0.004 0.087 0)
(0.005 0.087 0)
(0.006 0.087 0)
(0.007 0.087 0)
(0.008 0.087 0)
(0.009 0.087 0)
(0.01 0.087 0)
(0.011 0.087 0)
(0.012 0.087 0)
(0.013 0.087 0)
(0.014 0.087 0)
(0.015 0.087 0)
(0.016 0.087 0)
(0.017 0.087 0)
(0.018 0.087 0)
(0.019 0.087 0)
(0.02 0.087 0)
(0.021 0.087 0)
(0.022 0.087 0)
(0.023 0.087 0)
(0.024 0.087 0)
(0.025 0.087 0)
(0.026 0.087 0)
(0.027 0.087 0)
(0.028 0.087 0)
(0.029 0.087 0)
(0.03 0.087 0)
(0.031 0.087 0)
(0.032 0.087 0)
(0.033 0.087 0)
(0.034 0.087 0)
(0.035 0.087 0)
(0.036 0.087 0)
(0.037 0.087 0)
(0.038 0.087 0)
(0.039 0.087 0)
(0.04 0.087 0)
(0.041 0.087 0)
(0.042 0.087 0)
(0.043 0.087 0)
(0.044 0.087 0)
(0 0.088 0)
(0.001 0.088 0)
(0.002 0.088 0)
(0.003 0.088 0)
(0.004 0.088 0)
(0.005 0.088 0)
(0.006 0.088 0)
(0.007 0.088 0)
(0.008 0.088 0)
(0.009 0.088 0)
(0.01 0.088 0)
(0.011 0.088 0)
(0.012 0.088 0)
(0.013 0.088 0)
(0.014 0.088 0)
(0.015 0.088 0)
(0.016 0.088 0)
(0.017 0.088 0)
(0.018 0.088 0)
(0.019 0.088 0)
(0.02 0.088 0)
(0.021 0.088 0)
(0.022 0.088 0)
(0.023 0.088 0)
(0.024 0.088 0)
(0.025 0.088 0)
(0.026 0.088 0)
(0.027 0.088 0)
(0.028 0.088 0)
(0.029 0.088 0)
(0.03 0.088 0)
(0.031 0.088 0)
(0.032 0.088 0)
(0.033 0.088 0)
(0.034 0.088 0)
(0.035 0.088 0)
(0.036 0.088 0)
(0.037 0.088 0)
(0.038 0.088 0)
(0.039 0.088 0)
(0.04 0.088 0)
(0.041 0.088 0)
(0.042 0.088 0)
(0.043 0.088 0)
(0.044 0.088 0)
(0 0.089 0)
(0.001 0.089 0)
(0.002 0.089 0)
(0.003 0.089 0)
(0.004 0.089 0)
(0.005 0.089 0)
(0.006 0.089 0)
(0.007 0.089 0)
(0.008 0.089 0)
(0.009 0.089 0)
(0.01 0.089 0)
(0.011 0.089 0)
(0.012 0.089 0)
(0.013 0.089 0)
(0.014 0.089 0)
(0.015 0.089 0)
(0.016 0.089 0)
(0.017 0.089 0)
(0.018 0.089 0)
(0.019 0.089 0)
(0.02 0.089 0)
(0.021 0.089 0)
(0.022 0.089 0)
(0.023 0.089 0)
(0.024 0.089 0)
(0.025 0.089 0)
(0.026 0.089 0)
(0.027 0.089 0)
(0.028 0.089 0)
(0.029 0.089 0)
(0.03 0.089 0)
(0.031 0.089 0)
(0.032 0.089 0)
(0.033 0.089 0)
(0.034 0.089 0)
(0.035 0.089 0)
(0.036 0.089 0)
(0.037 0.089 0)
(0.038 0.089 0)
(0.039 0.089 0)
(0.04 0.089 0)
(0.041 0.089 0)
(0.042 0.089 0)
(0.043 0.089 0)
(0.044 0.089 0)
(0 0.09 0)
(0.001 0.09 0)
(0.002 0.09 0)
(0.003 0.09 0)
(0.004 0.09 0)
(0.005 0.09 0)
(0.006 0.09 0)
(0.007 0.09 0)
(0.008 0.09 0)
(0.009 0.09 0)
(0.01 0.09 0)
(0.011 0.09 0)
(0.012 0.09 0)
(0.013 0.09 0)
(0.014 0.09 0)
(0.015 0.09 0)
(0.016 0.09 0)
(0.017 0.09 0)
(0.018 0.09 0)
(0.019 0.09 0)
(0.02 0.09 0)
(0.021 0.09 0)
(0.022 0.09 0)
(0.023 0.09 0)
(0.024 0.09 0)
(0.025 0.09 0)
(0.026 0.09 0)
(0.027 0.09 0)
(0.028 0.09 0)
(0.029 0.09 0)
(0.03 0.09 0)
(0.031 0.09 0)
(0.032 0.09 0)
(0.033 0.09 0)
(0.034 0.09 0)
(0.035 0.09 0)
(0.036 0.09 0)
(0.037 0.09 0)
(0.038 0.09 0)
(0.039 0.09 0)
(0.04 0.09 0)
(0.041 0.09 0)
(0.042 0.09 0)
(0.043 0.09 0)
(0.044 0.09 0)
(0 0.091 0)
(0.001 0.091 0)
(0.002 0.091 0)
(0.003 0.091 0)
(0.004 0.091 0)
(0.005 0.091 0)
(0.006 0.091 0)
(0.007 0.091 0)
(0.008 0.091 0)
(0.009 0.091 0)
(0.01 0.091 0)
(0.011 0.091 0)
(0.012 0.091 0)
(0.013 0.091 0)
(0.014 0.091 0)
(0.015 0.091 0)
(0.016 0.091 0)
(0.017 0.091 0)
(0.018 0.091 0)
(0.019 0.091 0)
(0.02 0.091 0)
(0.021 0.091 0)
(0.022 0.091 0)
(0.023 0.091 0)
(0.024 0.091 0)
(0.025 0.091 0)
(0.026 0.091 0)
(0.027 0.091 0)
(0.028 0.091 0)
(0.029 0.091 0)
(0.03 0.091 0)
(0.031 0.091 0)
(0.032 0.091 0)
(0.033 0.091 0)
(0.034 0.091 0)
(0.035 0.091 0)
(0.036 0.091 0)
(0.037 0.091 0)
(0.038 0.091 0)
(0.039 0.091 0)
(0.04 0.091 0)
(0.041 0.091 0)
(0.042 0.091 0)
(0.043 0.091 0)
(0.044 0.091 0)
(0 0.092 0)
(0.001 0.092 0)
(0.002 0.092 0)
(0.003 0.092 0)
(0.004 0.092 0)
(0.005 0.092 0)
(0.006 0.092 0)
(0.007 0.092 0)
(0.008 0.092 0)
(0.009 0.092 0)
(0.01 0.092 0)
(0.011 0.092 0)
(0.012 0.092 0)
(0.013 0.092 0)
(0.014 0.092 0)
(0.015 0.092 0)
(0.016 0.092 0)
(0.017 0.092 0)
(0.018 0.092 0)
(0.019 0.092 0)
(0.02 0.092 0)
(0.021 0.092 0)
(0.022 0.092 0)
(0.023 0.092 0)
(0.024 0.092 0)
(0.025 0.092 0)
(0.026 0.092 0)
(0.027 0.092 0)
(0.028 0.092 0)
(0.029 0.092 0)
(0.03 0.092 0)
(0.031 0.092 0)
(0.032 0.092 0)
(0.033 0.092 0)
(0.034 0.092 0)
(0.035 0.092 0)
(0.036 0.092 0)
(0.037 0.092 0)
(0.038 0.092 0)
(0.039 0.092 0)
(0.04 0.092 0)
(0.041 0.092 0)
(0.042 0.092 0)
(0.043 0.092 0)
(0.044 0.092 0)
(0 0.093 0)
(0.001 0.093 0)
(0.002 0.093 0)
(0.003 0.093 0)
(0.004 0.093 0)
(0.005 0.093 0)
(0.006 0.093 0)
(0.007 0.093 0)
(0.008 0.093 0)
(0.009 0.093 0)
(0.01 0.093 0)
(0.011 0.093 0)
(0.012 0.093 0)
(0.013 0.093 0)
(0.014 0.093 0)
(0.015 0.093 0)
(0.016 0.093 0)
(0.017 0.093 0)
(0.018 0.093 0)
(0.019 0.093 0)
(0.02 0.093 0)
(0.021 0.093 0)
(0.022 0.093 0)
(0.023 0.093 0)
(0.024 0.093 0)
(0.025 0.093 0)
(0.026 0.093 0)
(0.027 0.093 0)
(0.028 0.093 0)
(0.029 0.093 0)
(0.03 0.093 0)
(0.031 0.093 0)
(0.032 0.093 0)
(0.033 0.093 0)
(0.034 0.093 0)
(0.035 0.093 0)
(0.036 0.093 0)
(0.037 0.093 0)
(0.038 0.093 0)
(0.039 0.093 0)
(0.04 0.093 0)
(0.041 0.093 0)
(0.042 0.093 0)
(0.043 0.093 0)
(0.044 0.093 0)
(0 0.094 0)
(0.001 0.094 0)
(0.002 0.094 0)
(0.003 0.094 0)
(0.004 0.094 0)
(0.005 0.094 0)
(0.006 0.094 0)
(0.007 0.094 0)
(0.008 0.094 0)
(0.009 0.094 0)
(0.01 0.094 0)
(0.011 0.094 0)
(0.012 0.094 0)
(0.013 0.094 0)
(0.014 0.094 0)
(0.015 0.094 0)
(0.016 0.094 0)
(0.017 0.094 0)
(0.018 0.094 0)
(0.019 0.094 0)
(0.02 0.094 0)
(0.021 0.094 0)
(0.022 0.094 0)
(0.023 0.094 0)
(0.024 0.094 0)
(0.025 0.094 0)
(0.026 0.094 0)
(0.027 0.094 0)
(0.028 0.094 0)
(0.029 0.094 0)
(0.03 0.094 0)
(0.031 0.094 0)
(0.032 0.094 0)
(0.033 0.094 0)
(0.034 0.094 0)
(0.035 0.094 0)
(0.036 0.094 0)
(0.037 0.094 0)
(0.038 0.094 0)
(0.039 0.094 0)
(0.04 0.094 0)
(0.041 0.094 0)
(0.042 0.094 0)
(0.043 0.094 0)
(0.044 0.094 0)
(0 0.095 0)
(0.001 0.095 0)
(0.002 0.095 0)
(0.003 0.095 0)
(0.004 0.095 0)
(0.005 0.095 0)
(0.006 0.095 0)
(0.007 0.095 0)
(0.008 0.095 0)
(0.009 0.095 0)
(0.01 0.095 0)
(0.011 0.095 0)
(0.012 0.095 0)
(0.013 0.095 0)
(0.014 0.095 0)
(0.015 0.095 0)
(0.016 0.095 0)
(0.017 0.095 0)
(0.018 0.095 0)
(0.019 0.095 0)
(0.02 0.095 0)
(0.021 0.095 0)
(0.022 0.095 0)
(0.023 0.095 0)
(0.024 0.095 0)
(0.025 0.095 0)
(0.026 0.095 0)
(0.027 0.095 0)
(0.028 0.095 0)
(0.029 0.095 0)
(0.03 0.095 0)
(0.031 0.095 0)
(0.032 0.095 0)
(0.033 0.095 0)
(0.034 0.095 0)
(0.035 0.095 0)
(0.036 0.095 0)
(0.037 0.095 0)
(0.038 0.095 0)
(0.039 0.095 0)
(0.04 0.095 0)
(0.041 0.095 0)
(0.042 0.095 0)
(0.043 0.095 0)
(0.044 0.095 0)
(0 0.096 0)
(0.001 0.096 0)
(0.002 0.096 0)
(0.003 0.096 0)
(0.004 0.096 0)
(0.005 0.096 0)
(0.006 0.096 0)
(0.007 0.096 0)
(0.008 0.096 0)
(0.009 0.096 0)
(0.01 0.096 0)
(0.011 0.096 0)
(0.012 0.096 0)
(0.013 0.096 0)
(0.014 0.096 0)
(0.015 0.096 0)
(0.016 0.096 0)
(0.017 0.096 0)
(0.018 0.096 0)
(0.019 0.096 0)
(0.02 0.096 0)
(0.021 0.096 0)
(0.022 0.096 0)
(0.023 0.096 0)
(0.024 0.096 0)
(0.025 0.096 0)
(0.026 0.096 0)
(0.027 0.096 0)
(0.028 0.096 0)
(0.029 0.096 0)
(0.03 0.096 0)
(0.031 0.096 0)
(0.032 0.096 0)
(0.033 0.096 0)
(0.034 0.096 0)
(0.035 0.096 0)
(0.036 0.096 0)
(0.037 0.096 0)
(0.038 0.096 0)
(0.039 0.096 0)
(0.04 0.096 0)
(0.041 0.096 0)
(0.042 0.096 0)
(0.043 0.096 0)
(0.044 0.096 0)
(0 0.097 0)
(0.001 0.097 0)
(0.002 0.097 0)
(0.003 0.097 0)
(0.004 0.097 0)
(0.005 0.097 0)
(0.006 0.097 0)
(0.007 0.097 0)
(0.008 0.097 0)
(0.009 0.097 0)
(0.01 0.097 0)
(0.011 0.097 0)
(0.012 0.097 0)
(0.013 0.097 0)
(0.014 0.097 0)
(0.015 0.097 0)
(0.016 0.097 0)
(0.017 0.097 0)
(0.018 0.097 0)
(0.019 0.097 0)
(0.02 0.097 0)
(0.021 0.097 0)
(0.022 0.097 0)
(0.023 0.097 0)
(0.024 0.097 0)
(0.025 0.097 0)
(0.026 0.097 0)
(0.027 0.097 0)
(0.028 0.097 0)
(0.029 0.097 0)
(0.03 0.097 0)
(0.031 0.097 0)
(0.032 0.097 0)
(0.033 0.097 0)
(0.034 0.097 0)
(0.035 0.097 0)
(0.036 0.097 0)
(0.037 0.097 0)
(0.038 0.097 0)
(0.039 0.097 0)
(0.04 0.097 0)
(0.041 0.097 0)
(0.042 0.097 0)
(0.043 0.097 0)
(0.044 0.097 0)
(0 0.098 0)
(0.001 0.098 0)
(0.002 0.098 0)
(0.003 0.098 0)
(0.004 0.098 0)
(0.005 0.098 0)
(0.006 0.098 0)
(0.007 0.098 0)
(0.008 0.098 0)
(0.009 0.098 0)
(0.01 0.098 0)
(0.011 0.098 0)
(0.012 0.098 0)
(0.013 0.098 0)
(0.014 0.098 0)
(0.015 0.098 0)
(0.016 0.098 0)
(0.017 0.098 0)
(0.018 0.098 0)
(0.019 0.098 0)
(0.02 0.098 0)
(0.021 0.098 0)
(0.022 0.098 0)
(0.023 0.098 0)
(0.024 0.098 0)
(0.025 0.098 0)
(0.026 0.098 0)
(0.027 0.098 0)
(0.028 0.098 0)
(0.029 0.098 0)
(0.03 0.098 0)
(0.031 0.098 0)
(0.032 0.098 0)
(0.033 0.098 0)
(0.034 0.098 0)
(0.035 0.098 0)
(0.036 0.098 0)
(0.037 0.098 0)
(0.038 0.098 0)
(0.039 0.098 0)
(0.04 0.098 0)
(0.041 0.098 0)
(0.042 0.098 0)
(0.043 0.098 0)
(0.044 0.098 0)
(0 0.099 0)
(0.001 0.099 0)
(0.002 0.099 0)
(0.003 0.099 0)
(0.004 0.099 0)
(0.005 0.099 0)
(0.006 0.099 0)
(0.007 0.099 0)
(0.008 0.099 0)
(0.009 0.099 0)
(0.01 0.099 0)
(0.011 0.099 0)
(0.012 0.099 0)
(0.013 0.099 0)
(0.014 0.099 0)
(0.015 0.099 0)
(0.016 0.099 0)
(0.017 0.099 0)
(0.018 0.099 0)
(0.019 0.099 0)
(0.02 0.099 0)
(0.021 0.099 0)
(0.022 0.099 0)
(0.023 0.099 0)
(0.024 0.099 0)
(0.025 0.099 0)
(0.026 0.099 0)
(0.027 0.099 0)
(0.028 0.099 0)
(0.029 0.099 0)
(0.03 0.099 0)
(0.031 0.099 0)
(0.032 0.099 0)
(0.033 0.099 0)
(0.034 0.099 0)
(0.035 0.099 0)
(0.036 0.099 0)
(0.037 0.099 0)
(0.038 0.099 0)
(0.039 0.099 0)
(0.04 0.099 0)
(0.041 0.099 0)
(0.042 0.099 0)
(0.043 0.099 0)
(0.044 0.099 0)
(0 0.1 0)
(0.001 0.1 0)
(0.002 0.1 0)
(0.003 0.1 0)
(0.004 0.1 0)
(0.005 0.1 0)
(0.006 0.1 0)
(0.007 0.1 0)
(0.008 0.1 0)
(0.009 0.1 0)
(0.01 0.1 0)
(0.011 0.1 0)
(0.012 0.1 0)
(0.013 0.1 0)
(0.014 0.1 0)
(0.015 0.1 0)
(0.016 0.1 0)
(0.017 0.1 0)
(0.018 0.1 0)
(0.019 0.1 0)
(0.02 0.1 0)
(0.021 0.1 0)
(0.022 0.1 0)
(0.023 0.1 0)
(0.024 0.1 0)
(0.025 0.1 0)
(0.026 0.1 0)
(0.027 0.1 0)
(0.028 0.1 0)
(0.029 0.1 0)
(0.03 0.1 0)
(0.031 0.1 0)
(0.032 0.1 0)
(0.033 0.1 0)
(0.034 0.1 0)
(0.035 0.1 0)
(0.036 0.1 0)
(0.037 0.1 0)
(0.038 0.1 0)
(0.039 0.1 0)
(0.04 0.1 0)
(0.041 0.1 0)
(0.042 0.1 0)
(0.043 0.1 0)
(0.044 0.1 0)
(0.026 0.071 0.01)
(0.027 0.071 0.01)
(0.028 0.071 0.01)
(0.029 0.071 0.01)
(0.03 0.071 0.01)
(0.031 0.071 0.01)
(0.032 0.071 0.01)
(0.033 0.071 0.01)
(0.034 0.071 0.01)
(0.035 0.071 0.01)
(0.036 0.071 0.01)
(0.037 0.071 0.01)
(0.038 0.071 0.01)
(0.039 0.071 0.01)
(0.04 0.071 0.01)
(0.041 0.071 0.01)
(0.042 0.071 0.01)
(0.043 0.071 0.01)
(0.044 0.071 0.01)
(0 0.072 0.01)
(0.001 0.072 0.01)
(0.002 0.072 0.01)
(0.003 0.072 0.01)
(0.004 0.072 0.01)
(0.005 0.072 0.01)
(0.006 0.072 0.01)
(0.007 0.072 0.01)
(0.008 0.072 0.01)
(0.009 0.072 0.01)
(0.01 0.072 0.01)
(0.011 0.072 0.01)
(0.012 0.072 0.01)
(0.013 0.072 0.01)
(0.014 0.072 0.01)
(0.015 0.072 0.01)
(0.016 0.072 0.01)
(0.017 0.072 0.01)
(0.018 0.072 0.01)
(0.019 0.072 0.01)
(0.02 0.072 0.01)
(0.021 0.072 0.01)
(0.022 0.072 0.01)
(0.023 0.072 0.01)
(0.024 0.072 0.01)
(0.025 0.072 0.01)
(0.026 0.072 0.01)
(0.027 0.072 0.01)
(0.028 0.072 0.01)
(0.029 0.072 0.01)
(0.03 0.072 0.01)
(0.031 0.072 0.01)
(0.032 0.072 0.01)
(0.033 0.072 0.01)
(0.034 0.072 0.01)
(0.035 0.072 0.01)
(0.036 0.072 0.01)
(0.037 0.072 0.01)
(0.038 0.072 0.01)
(0.039 0.072 0.01)
(0.04 0.072 0.01)
(0.041 0.072 0.01)
(0.042 0.072 0.01)
(0.043 0.072 0.01)
(0.044 0.072 0.01)
(0 0.073 0.01)
(0.001 0.073 0.01)
(0.002 0.073 0.01)
(0.003 0.073 0.01)
(0.004 0.073 0.01)
(0.005 0.073 0.01)
(0.006 0.073 0.01)
(0.007 0.073 0.01)
(0.008 0.073 0.01)
(0.009 0.073 0.01)
(0.01 0.073 0.01)
(0.011 0.073 0.01)
(0.012 0.073 0.01)
(0.013 0.073 0.01)
(0.014 0.073 0.01)
(0.015 0.073 0.01)
(0.016 0.073 0.01)
(0.017 0.073 0.01)
(0.018 0.073 0.01)
(0.019 0.073 0.01)
(0.02 0.073 0.01)
(0.021 0.073 0.01)
(0.022 0.073 0.01)
(0.023 0.073 0.01)
(0.024 0.073 0.01)
(0.025 0.073 0.01)
(0.026 0.073 0.01)
(0.027 0.073 0.01)
(0.028 0.073 0.01)
(0.029 0.073 0.01)
(0.03 0.073 0.01)
(0.031 0.073 0.01)
(0.032 0.073 0.01)
(0.033 0.073 0.01)
(0.034 0.073 0.01)
(0.035 0.073 0.01)
(0.036 0.073 0.01)
(0.037 0.073 0.01)
(0.038 0.073 0.01)
(0.039 0.073 0.01)
(0.04 0.073 0.01)
(0.041 0.073 0.01)
(0.042 0.073 0.01)
(0.043 0.073 0.01)
(0.044 0.073 0.01)
(0 0.074 0.01)
(0.001 0.074 0.01)
(0.002 0.074 0.01)
(0.003 0.074 0.01)
(0.004 0.074 0.01)
(0.005 0.074 0.01)
(0.006 0.074 0.01)
(0.007 0.074 0.01)
(0.008 0.074 0.01)
(0.009 0.074 0.01)
(0.01 0.074 0.01)
(0.011 0.074 0.01)
(0.012 0.074 0.01)
(0.013 0.074 0.01)
(0.014 0.074 0.01)
(0.015 0.074 0.01)
(0.016 0.074 0.01)
(0.017 0.074 0.01)
(0.018 0.074 0.01)
(0.019 0.074 0.01)
(0.02 0.074 0.01)
(0.021 0.074 0.01)
(0.022 0.074 0.01)
(0.023 0.074 0.01)
(0.024 0.074 0.01)
(0.025 0.074 0.01)
(0.026 0.074 0.01)
(0.027 0.074 0.01)
(0.028 0.074 0.01)
(0.029 0.074 0.01)
(0.03 0.074 0.01)
(0.031 0.074 0.01)
(0.032 0.074 0.01)
(0.033 0.074 0.01)
(0.034 0.074 0.01)
(0.035 0.074 0.01)
(0.036 0.074 0.01)
(0.037 0.074 0.01)
(0.038 0.074 0.01)
(0.039 0.074 0.01)
(0.04 0.074 0.01)
(0.041 0.074 0.01)
(0.042 0.074 0.01)
(0.043 0.074 0.01)
(0.044 0.074 0.01)
(0 0.075 0.01)
(0.001 0.075 0.01)
(0.002 0.075 0.01)
(0.003 0.075 0.01)
(0.004 0.075 0.01)
(0.005 0.075 0.01)
(0.006 0.075 0.01)
(0.007 0.075 0.01)
(0.008 0.075 0.01)
(0.009 0.075 0.01)
(0.01 0.075 0.01)
(0.011 0.075 0.01)
(0.012 0.075 0.01)
(0.013 0.075 0.01)
(0.014 0.075 0.01)
(0.015 0.075 0.01)
(0.016 0.075 0.01)
(0.017 0.075 0.01)
(0.018 0.075 0.01)
(0.019 0.075 0.01)
(0.02 0.075 0.01)
(0.021 0.075 0.01)
(0.022 0.075 0.01)
(0.023 0.075 0.01)
(0.024 0.075 0.01)
(0.025 0.075 0.01)
(0.026 0.075 0.01)
(0.027 0.075 0.01)
(0.028 0.075 0.01)
(0.029 0.075 0.01)
(0.03 0.075 0.01)
(0.031 0.075 0.01)
(0.032 0.075 0.01)
(0.033 0.075 0.01)
(0.034 0.075 0.01)
(0.035 0.075 0.01)
(0.036 0.075 0.01)
(0.037 0.075 0.01)
(0.038 0.075 0.01)
(0.039 0.075 0.01)
(0.04 0.075 0.01)
(0.041 0.075 0.01)
(0.042 0.075 0.01)
(0.043 0.075 0.01)
(0.044 0.075 0.01)
(0 0.076 0.01)
(0.001 0.076 0.01)
(0.002 0.076 0.01)
(0.003 0.076 0.01)
(0.004 0.076 0.01)
(0.005 0.076 0.01)
(0.006 0.076 0.01)
(0.007 0.076 0.01)
(0.008 0.076 0.01)
(0.009 0.076 0.01)
(0.01 0.076 0.01)
(0.011 0.076 0.01)
(0.012 0.076 0.01)
(0.013 0.076 0.01)
(0.014 0.076 0.01)
(0.015 0.076 0.01)
(0.016 0.076 0.01)
(0.017 0.076 0.01)
(0.018 0.076 0.01)
(0.019 0.076 0.01)
(0.02 0.076 0.01)
(0.021 0.076 0.01)
(0.022 0.076 0.01)
(0.023 0.076 0.01)
(0.024 0.076 0.01)
(0.025 0.076 0.01)
(0.026 0.076 0.01)
(0.027 0.076 0.01)
(0.028 0.076 0.01)
(0.029 0.076 0.01)
(0.03 0.076 0.01)
(0.031 0.076 0.01)
(0.032 0.076 0.01)
(0.033 0.076 0.01)
(0.034 0.076 0.01)
(0.035 0.076 0.01)
(0.036 0.076 0.01)
(0.037 0.076 0.01)
(0.038 0.076 0.01)
(0.039 0.076 0.01)
(0.04 0.076 0.01)
(0.041 0.076 0.01)
(0.042 0.076 0.01)
(0.043 0.076 0.01)
(0.044 0.076 0.01)
(0 0.077 0.01)
(0.001 0.077 0.01)
(0.002 0.077 0.01)
(0.003 0.077 0.01)
(0.004 0.077 0.01)
(0.005 0.077 0.01)
(0.006 0.077 0.01)
(0.007 0.077 0.01)
(0.008 0.077 0.01)
(0.009 0.077 0.01)
(0.01 0.077 0.01)
(0.011 0.077 0.01)
(0.012 0.077 0.01)
(0.013 0.077 0.01)
(0.014 0.077 0.01)
(0.015 0.077 0.01)
(0.016 0.077 0.01)
(0.017 0.077 0.01)
(0.018 0.077 0.01)
(0.019 0.077 0.01)
(0.02 0.077 0.01)
(0.021 0.077 0.01)
(0.022 0.077 0.01)
(0.023 0.077 0.01)
(0.024 0.077 0.01)
(0.025 0.077 0.01)
(0.026 0.077 0.01)
(0.027 0.077 0.01)
(0.028 0.077 0.01)
(0.029 0.077 0.01)
(0.03 0.077 0.01)
(0.031 0.077 0.01)
(0.032 0.077 0.01)
(0.033 0.077 0.01)
(0.034 0.077 0.01)
(0.035 0.077 0.01)
(0.036 0.077 0.01)
(0.037 0.077 0.01)
(0.038 0.077 0.01)
(0.039 0.077 0.01)
(0.04 0.077 0.01)
(0.041 0.077 0.01)
(0.042 0.077 0.01)
(0.043 0.077 0.01)
(0.044 0.077 0.01)
(0 0.078 0.01)
(0.001 0.078 0.01)
(0.002 0.078 0.01)
(0.003 0.078 0.01)
(0.004 0.078 0.01)
(0.005 0.078 0.01)
(0.006 0.078 0.01)
(0.007 0.078 0.01)
(0.008 0.078 0.01)
(0.009 0.078 0.01)
(0.01 0.078 0.01)
(0.011 0.078 0.01)
(0.012 0.078 0.01)
(0.013 0.078 0.01)
(0.014 0.078 0.01)
(0.015 0.078 0.01)
(0.016 0.078 0.01)
(0.017 0.078 0.01)
(0.018 0.078 0.01)
(0.019 0.078 0.01)
(0.02 0.078 0.01)
(0.021 0.078 0.01)
(0.022 0.078 0.01)
(0.023 0.078 0.01)
(0.024 0.078 0.01)
(0.025 0.078 0.01)
(0.026 0.078 0.01)
(0.027 0.078 0.01)
(0.028 0.078 0.01)
(0.029 0.078 0.01)
(0.03 0.078 0.01)
(0.031 0.078 0.01)
(0.032 0.078 0.01)
(0.033 0.078 0.01)
(0.034 0.078 0.01)
(0.035 0.078 0.01)
(0.036 0.078 0.01)
(0.037 0.078 0.01)
(0.038 0.078 0.01)
(0.039 0.078 0.01)
(0.04 0.078 0.01)
(0.041 0.078 0.01)
(0.042 0.078 0.01)
(0.043 0.078 0.01)
(0.044 0.078 0.01)
(0 0.079 0.01)
(0.001 0.079 0.01)
(0.002 0.079 0.01)
(0.003 0.079 0.01)
(0.004 0.079 0.01)
(0.005 0.079 0.01)
(0.006 0.079 0.01)
(0.007 0.079 0.01)
(0.008 0.079 0.01)
(0.009 0.079 0.01)
(0.01 0.079 0.01)
(0.011 0.079 0.01)
(0.012 0.079 0.01)
(0.013 0.079 0.01)
(0.014 0.079 0.01)
(0.015 0.079 0.01)
(0.016 0.079 0.01)
(0.017 0.079 0.01)
(0.018 0.079 0.01)
(0.019 0.079 0.01)
(0.02 0.079 0.01)
(0.021 0.079 0.01)
(0.022 0.079 0.01)
(0.023 0.079 0.01)
(0.024 0.079 0.01)
(0.025 0.079 0.01)
(0.026 0.079 0.01)
(0.027 0.079 0.01)
(0.028 0.079 0.01)
(0.029 0.079 0.01)
(0.03 0.079 0.01)
(0.031 0.079 0.01)
(0.032 0.079 0.01)
(0.033 0.079 0.01)
(0.034 0.079 0.01)
(0.035 0.079 0.01)
(0.036 0.079 0.01)
(0.037 0.079 0.01)
(0.038 0.079 0.01)
(0.039 0.079 0.01)
(0.04 0.079 0.01)
(0.041 0.079 0.01)
(0.042 0.079 0.01)
(0.043 0.079 0.01)
(0.044 0.079 0.01)
(0 0.08 0.01)
(0.001 0.08 0.01)
(0.002 0.08 0.01)
(0.003 0.08 0.01)
(0.004 0.08 0.01)
(0.005 0.08 0.01)
(0.006 0.08 0.01)
(0.007 0.08 0.01)
(0.008 0.08 0.01)
(0.009 0.08 0.01)
(0.01 0.08 0.01)
(0.011 0.08 0.01)
(0.012 0.08 0.01)
(0.013 0.08 0.01)
(0.014 0.08 0.01)
(0.015 0.08 0.01)
(0.016 0.08 0.01)
(0.017 0.08 0.01)
(0.018 0.08 0.01)
(0.019 0.08 0.01)
(0.02 0.08 0.01)
(0.021 0.08 0.01)
(0.022 0.08 0.01)
(0.023 0.08 0.01)
(0.024 0.08 0.01)
(0.025 0.08 0.01)
(0.026 0.08 0.01)
(0.027 0.08 0.01)
(0.028 0.08 0.01)
(0.029 0.08 0.01)
(0.03 0.08 0.01)
(0.031 0.08 0.01)
(0.032 0.08 0.01)
(0.033 0.08 0.01)
(0.034 0.08 0.01)
(0.035 0.08 0.01)
(0.036 0.08 0.01)
(0.037 0.08 0.01)
(0.038 0.08 0.01)
(0.039 0.08 0.01)
(0.04 0.08 0.01)
(0.041 0.08 0.01)
(0.042 0.08 0.01)
(0.043 0.08 0.01)
(0.044 0.08 0.01)
(0 0.081 0.01)
(0.001 0.081 0.01)
(0.002 0.081 0.01)
(0.003 0.081 0.01)
(0.004 0.081 0.01)
(0.005 0.081 0.01)
(0.006 0.081 0.01)
(0.007 0.081 0.01)
(0.008 0.081 0.01)
(0.009 0.081 0.01)
(0.01 0.081 0.01)
(0.011 0.081 0.01)
(0.012 0.081 0.01)
(0.013 0.081 0.01)
(0.014 0.081 0.01)
(0.015 0.081 0.01)
(0.016 0.081 0.01)
(0.017 0.081 0.01)
(0.018 0.081 0.01)
(0.019 0.081 0.01)
(0.02 0.081 0.01)
(0.021 0.081 0.01)
(0.022 0.081 0.01)
(0.023 0.081 0.01)
(0.024 0.081 0.01)
(0.025 0.081 0.01)
(0.026 0.081 0.01)
(0.027 0.081 0.01)
(0.028 0.081 0.01)
(0.029 0.081 0.01)
(0.03 0.081 0.01)
(0.031 0.081 0.01)
(0.032 0.081 0.01)
(0.033 0.081 0.01)
(0.034 0.081 0.01)
(0.035 0.081 0.01)
(0.036 0.081 0.01)
(0.037 0.081 0.01)
(0.038 0.081 0.01)
(0.039 0.081 0.01)
(0.04 0.081 0.01)
(0.041 0.081 0.01)
(0.042 0.081 0.01)
(0.043 0.081 0.01)
(0.044 0.081 0.01)
(0 0.082 0.01)
(0.001 0.082 0.01)
(0.002 0.082 0.01)
(0.003 0.082 0.01)
(0.004 0.082 0.01)
(0.005 0.082 0.01)
(0.006 0.082 0.01)
(0.007 0.082 0.01)
(0.008 0.082 0.01)
(0.009 0.082 0.01)
(0.01 0.082 0.01)
(0.011 0.082 0.01)
(0.012 0.082 0.01)
(0.013 0.082 0.01)
(0.014 0.082 0.01)
(0.015 0.082 0.01)
(0.016 0.082 0.01)
(0.017 0.082 0.01)
(0.018 0.082 0.01)
(0.019 0.082 0.01)
(0.02 0.082 0.01)
(0.021 0.082 0.01)
(0.022 0.082 0.01)
(0.023 0.082 0.01)
(0.024 0.082 0.01)
(0.025 0.082 0.01)
(0.026 0.082 0.01)
(0.027 0.082 0.01)
(0.028 0.082 0.01)
(0.029 0.082 0.01)
(0.03 0.082 0.01)
(0.031 0.082 0.01)
(0.032 0.082 0.01)
(0.033 0.082 0.01)
(0.034 0.082 0.01)
(0.035 0.082 0.01)
(0.036 0.082 0.01)
(0.037 0.082 0.01)
(0.038 0.082 0.01)
(0.039 0.082 0.01)
(0.04 0.082 0.01)
(0.041 0.082 0.01)
(0.042 0.082 0.01)
(0.043 0.082 0.01)
(0.044 0.082 0.01)
(0 0.083 0.01)
(0.001 0.083 0.01)
(0.002 0.083 0.01)
(0.003 0.083 0.01)
(0.004 0.083 0.01)
(0.005 0.083 0.01)
(0.006 0.083 0.01)
(0.007 0.083 0.01)
(0.008 0.083 0.01)
(0.009 0.083 0.01)
(0.01 0.083 0.01)
(0.011 0.083 0.01)
(0.012 0.083 0.01)
(0.013 0.083 0.01)
(0.014 0.083 0.01)
(0.015 0.083 0.01)
(0.016 0.083 0.01)
(0.017 0.083 0.01)
(0.018 0.083 0.01)
(0.019 0.083 0.01)
(0.02 0.083 0.01)
(0.021 0.083 0.01)
(0.022 0.083 0.01)
(0.023 0.083 0.01)
(0.024 0.083 0.01)
(0.025 0.083 0.01)
(0.026 0.083 0.01)
(0.027 0.083 0.01)
(0.028 0.083 0.01)
(0.029 0.083 0.01)
(0.03 0.083 0.01)
(0.031 0.083 0.01)
(0.032 0.083 0.01)
(0.033 0.083 0.01)
(0.034 0.083 0.01)
(0.035 0.083 0.01)
(0.036 0.083 0.01)
(0.037 0.083 0.01)
(0.038 0.083 0.01)
(0.039 0.083 0.01)
(0.04 0.083 0.01)
(0.041 0.083 0.01)
(0.042 0.083 0.01)
(0.043 0.083 0.01)
(0.044 0.083 0.01)
(0 0.084 0.01)
(0.001 0.084 0.01)
(0.002 0.084 0.01)
(0.003 0.084 0.01)
(0.004 0.084 0.01)
(0.005 0.084 0.01)
(0.006 0.084 0.01)
(0.007 0.084 0.01)
(0.008 0.084 0.01)
(0.009 0.084 0.01)
(0.01 0.084 0.01)
(0.011 0.084 0.01)
(0.012 0.084 0.01)
(0.013 0.084 0.01)
(0.014 0.084 0.01)
(0.015 0.084 0.01)
(0.016 0.084 0.01)
(0.017 0.084 0.01)
(0.018 0.084 0.01)
(0.019 0.084 0.01)
(0.02 0.084 0.01)
(0.021 0.084 0.01)
(0.022 0.084 0.01)
(0.023 0.084 0.01)
(0.024 0.084 0.01)
(0.025 0.084 0.01)
(0.026 0.084 0.01)
(0.027 0.084 0.01)
(0.028 0.084 0.01)
(0.029 0.084 0.01)
(0.03 0.084 0.01)
(0.031 0.084 0.01)
(0.032 0.084 0.01)
(0.033 0.084 0.01)
(0.034 0.084 0.01)
(0.035 0.084 0.01)
(0.036 0.084 0.01)
(0.037 0.084 0.01)
(0.038 0.084 0.01)
(0.039 0.084 0.01)
(0.04 0.084 0.01)
(0.041 0.084 0.01)
(0.042 0.084 0.01)
(0.043 0.084 0.01)
(0.044 0.084 0.01)
(0 0.085 0.01)
(0.001 0.085 0.01)
(0.002 0.085 0.01)
(0.003 0.085 0.01)
(0.004 0.085 0.01)
(0.005 0.085 0.01)
(0.006 0.085 0.01)
(0.007 0.085 0.01)
(0.008 0.085 0.01)
(0.009 0.085 0.01)
(0.01 0.085 0.01)
(0.011 0.085 0.01)
(0.012 0.085 0.01)
(0.013 0.085 0.01)
(0.014 0.085 0.01)
(0.015 0.085 0.01)
(0.016 0.085 0.01)
(0.017 0.085 0.01)
(0.018 0.085 0.01)
(0.019 0.085 0.01)
(0.02 0.085 0.01)
(0.021 0.085 0.01)
(0.022 0.085 0.01)
(0.023 0.085 0.01)
(0.024 0.085 0.01)
(0.025 0.085 0.01)
(0.026 0.085 0.01)
(0.027 0.085 0.01)
(0.028 0.085 0.01)
(0.029 0.085 0.01)
(0.03 0.085 0.01)
(0.031 0.085 0.01)
(0.032 0.085 0.01)
(0.033 0.085 0.01)
(0.034 0.085 0.01)
(0.035 0.085 0.01)
(0.036 0.085 0.01)
(0.037 0.085 0.01)
(0.038 0.085 0.01)
(0.039 0.085 0.01)
(0.04 0.085 0.01)
(0.041 0.085 0.01)
(0.042 0.085 0.01)
(0.043 0.085 0.01)
(0.044 0.085 0.01)
(0 0.086 0.01)
(0.001 0.086 0.01)
(0.002 0.086 0.01)
(0.003 0.086 0.01)
(0.004 0.086 0.01)
(0.005 0.086 0.01)
(0.006 0.086 0.01)
(0.007 0.086 0.01)
(0.008 0.086 0.01)
(0.009 0.086 0.01)
(0.01 0.086 0.01)
(0.011 0.086 0.01)
(0.012 0.086 0.01)
(0.013 0.086 0.01)
(0.014 0.086 0.01)
(0.015 0.086 0.01)
(0.016 0.086 0.01)
(0.017 0.086 0.01)
(0.018 0.086 0.01)
(0.019 0.086 0.01)
(0.02 0.086 0.01)
(0.021 0.086 0.01)
(0.022 0.086 0.01)
(0.023 0.086 0.01)
(0.024 0.086 0.01)
(0.025 0.086 0.01)
(0.026 0.086 0.01)
(0.027 0.086 0.01)
(0.028 0.086 0.01)
(0.029 0.086 0.01)
(0.03 0.086 0.01)
(0.031 0.086 0.01)
(0.032 0.086 0.01)
(0.033 0.086 0.01)
(0.034 0.086 0.01)
(0.035 0.086 0.01)
(0.036 0.086 0.01)
(0.037 0.086 0.01)
(0.038 0.086 0.01)
(0.039 0.086 0.01)
(0.04 0.086 0.01)
(0.041 0.086 0.01)
(0.042 0.086 0.01)
(0.043 0.086 0.01)
(0.044 0.086 0.01)
(0 0.087 0.01)
(0.001 0.087 0.01)
(0.002 0.087 0.01)
(0.003 0.087 0.01)
(0.004 0.087 0.01)
(0.005 0.087 0.01)
(0.006 0.087 0.01)
(0.007 0.087 0.01)
(0.008 0.087 0.01)
(0.009 0.087 0.01)
(0.01 0.087 0.01)
(0.011 0.087 0.01)
(0.012 0.087 0.01)
(0.013 0.087 0.01)
(0.014 0.087 0.01)
(0.015 0.087 0.01)
(0.016 0.087 0.01)
(0.017 0.087 0.01)
(0.018 0.087 0.01)
(0.019 0.087 0.01)
(0.02 0.087 0.01)
(0.021 0.087 0.01)
(0.022 0.087 0.01)
(0.023 0.087 0.01)
(0.024 0.087 0.01)
(0.025 0.087 0.01)
(0.026 0.087 0.01)
(0.027 0.087 0.01)
(0.028 0.087 0.01)
(0.029 0.087 0.01)
(0.03 0.087 0.01)
(0.031 0.087 0.01)
(0.032 0.087 0.01)
(0.033 0.087 0.01)
(0.034 0.087 0.01)
(0.035 0.087 0.01)
(0.036 0.087 0.01)
(0.037 0.087 0.01)
(0.038 0.087 0.01)
(0.039 0.087 0.01)
(0.04 0.087 0.01)
(0.041 0.087 0.01)
(0.042 0.087 0.01)
(0.043 0.087 0.01)
(0.044 0.087 0.01)
(0 0.088 0.01)
(0.001 0.088 0.01)
(0.002 0.088 0.01)
(0.003 0.088 0.01)
(0.004 0.088 0.01)
(0.005 0.088 0.01)
(0.006 0.088 0.01)
(0.007 0.088 0.01)
(0.008 0.088 0.01)
(0.009 0.088 0.01)
(0.01 0.088 0.01)
(0.011 0.088 0.01)
(0.012 0.088 0.01)
(0.013 0.088 0.01)
(0.014 0.088 0.01)
(0.015 0.088 0.01)
(0.016 0.088 0.01)
(0.017 0.088 0.01)
(0.018 0.088 0.01)
(0.019 0.088 0.01)
(0.02 0.088 0.01)
(0.021 0.088 0.01)
(0.022 0.088 0.01)
(0.023 0.088 0.01)
(0.024 0.088 0.01)
(0.025 0.088 0.01)
(0.026 0.088 0.01)
(0.027 0.088 0.01)
(0.028 0.088 0.01)
(0.029 0.088 0.01)
(0.03 0.088 0.01)
(0.031 0.088 0.01)
(0.032 0.088 0.01)
(0.033 0.088 0.01)
(0.034 0.088 0.01)
(0.035 0.088 0.01)
(0.036 0.088 0.01)
(0.037 0.088 0.01)
(0.038 0.088 0.01)
(0.039 0.088 0.01)
(0.04 0.088 0.01)
(0.041 0.088 0.01)
(0.042 0.088 0.01)
(0.043 0.088 0.01)
(0.044 0.088 0.01)
(0 0.089 0.01)
(0.001 0.089 0.01)
(0.002 0.089 0.01)
(0.003 0.089 0.01)
(0.004 0.089 0.01)
(0.005 0.089 0.01)
(0.006 0.089 0.01)
(0.007 0.089 0.01)
(0.008 0.089 0.01)
(0.009 0.089 0.01)
(0.01 0.089 0.01)
(0.011 0.089 0.01)
(0.012 0.089 0.01)
(0.013 0.089 0.01)
(0.014 0.089 0.01)
(0.015 0.089 0.01)
(0.016 0.089 0.01)
(0.017 0.089 0.01)
(0.018 0.089 0.01)
(0.019 0.089 0.01)
(0.02 0.089 0.01)
(0.021 0.089 0.01)
(0.022 0.089 0.01)
(0.023 0.089 0.01)
(0.024 0.089 0.01)
(0.025 0.089 0.01)
(0.026 0.089 0.01)
(0.027 0.089 0.01)
(0.028 0.089 0.01)
(0.029 0.089 0.01)
(0.03 0.089 0.01)
(0.031 0.089 0.01)
(0.032 0.089 0.01)
(0.033 0.089 0.01)
(0.034 0.089 0.01)
(0.035 0.089 0.01)
(0.036 0.089 0.01)
(0.037 0.089 0.01)
(0.038 0.089 0.01)
(0.039 0.089 0.01)
(0.04 0.089 0.01)
(0.041 0.089 0.01)
(0.042 0.089 0.01)
(0.043 0.089 0.01)
(0.044 0.089 0.01)
(0 0.09 0.01)
(0.001 0.09 0.01)
(0.002 0.09 0.01)
(0.003 0.09 0.01)
(0.004 0.09 0.01)
(0.005 0.09 0.01)
(0.006 0.09 0.01)
(0.007 0.09 0.01)
(0.008 0.09 0.01)
(0.009 0.09 0.01)
(0.01 0.09 0.01)
(0.011 0.09 0.01)
(0.012 0.09 0.01)
(0.013 0.09 0.01)
(0.014 0.09 0.01)
(0.015 0.09 0.01)
(0.016 0.09 0.01)
(0.017 0.09 0.01)
(0.018 0.09 0.01)
(0.019 0.09 0.01)
(0.02 0.09 0.01)
(0.021 0.09 0.01)
(0.022 0.09 0.01)
(0.023 0.09 0.01)
(0.024 0.09 0.01)
(0.025 0.09 0.01)
(0.026 0.09 0.01)
(0.027 0.09 0.01)
(0.028 0.09 0.01)
(0.029 0.09 0.01)
(0.03 0.09 0.01)
(0.031 0.09 0.01)
(0.032 0.09 0.01)
(0.033 0.09 0.01)
(0.034 0.09 0.01)
(0.035 0.09 0.01)
(0.036 0.09 0.01)
(0.037 0.09 0.01)
(0.038 0.09 0.01)
(0.039 0.09 0.01)
(0.04 0.09 0.01)
(0.041 0.09 0.01)
(0.042 0.09 0.01)
(0.043 0.09 0.01)
(0.044 0.09 0.01)
(0 0.091 0.01)
(0.001 0.091 0.01)
(0.002 0.091 0.01)
(0.003 0.091 0.01)
(0.004 0.091 0.01)
(0.005 0.091 0.01)
(0.006 0.091 0.01)
(0.007 0.091 0.01)
(0.008 0.091 0.01)
(0.009 0.091 0.01)
(0.01 0.091 0.01)
(0.011 0.091 0.01)
(0.012 0.091 0.01)
(0.013 0.091 0.01)
(0.014 0.091 0.01)
(0.015 0.091 0.01)
(0.016 0.091 0.01)
(0.017 0.091 0.01)
(0.018 0.091 0.01)
(0.019 0.091 0.01)
(0.02 0.091 0.01)
(0.021 0.091 0.01)
(0.022 0.091 0.01)
(0.023 0.091 0.01)
(0.024 0.091 0.01)
(0.025 0.091 0.01)
(0.026 0.091 0.01)
(0.027 0.091 0.01)
(0.028 0.091 0.01)
(0.029 0.091 0.01)
(0.03 0.091 0.01)
(0.031 0.091 0.01)
(0.032 0.091 0.01)
(0.033 0.091 0.01)
(0.034 0.091 0.01)
(0.035 0.091 0.01)
(0.036 0.091 0.01)
(0.037 0.091 0.01)
(0.038 0.091 0.01)
(0.039 0.091 0.01)
(0.04 0.091 0.01)
(0.041 0.091 0.01)
(0.042 0.091 0.01)
(0.043 0.091 0.01)
(0.044 0.091 0.01)
(0 0.092 0.01)
(0.001 0.092 0.01)
(0.002 0.092 0.01)
(0.003 0.092 0.01)
(0.004 0.092 0.01)
(0.005 0.092 0.01)
(0.006 0.092 0.01)
(0.007 0.092 0.01)
(0.008 0.092 0.01)
(0.009 0.092 0.01)
(0.01 0.092 0.01)
(0.011 0.092 0.01)
(0.012 0.092 0.01)
(0.013 0.092 0.01)
(0.014 0.092 0.01)
(0.015 0.092 0.01)
(0.016 0.092 0.01)
(0.017 0.092 0.01)
(0.018 0.092 0.01)
(0.019 0.092 0.01)
(0.02 0.092 0.01)
(0.021 0.092 0.01)
(0.022 0.092 0.01)
(0.023 0.092 0.01)
(0.024 0.092 0.01)
(0.025 0.092 0.01)
(0.026 0.092 0.01)
(0.027 0.092 0.01)
(0.028 0.092 0.01)
(0.029 0.092 0.01)
(0.03 0.092 0.01)
(0.031 0.092 0.01)
(0.032 0.092 0.01)
(0.033 0.092 0.01)
(0.034 0.092 0.01)
(0.035 0.092 0.01)
(0.036 0.092 0.01)
(0.037 0.092 0.01)
(0.038 0.092 0.01)
(0.039 0.092 0.01)
(0.04 0.092 0.01)
(0.041 0.092 0.01)
(0.042 0.092 0.01)
(0.043 0.092 0.01)
(0.044 0.092 0.01)
(0 0.093 0.01)
(0.001 0.093 0.01)
(0.002 0.093 0.01)
(0.003 0.093 0.01)
(0.004 0.093 0.01)
(0.005 0.093 0.01)
(0.006 0.093 0.01)
(0.007 0.093 0.01)
(0.008 0.093 0.01)
(0.009 0.093 0.01)
(0.01 0.093 0.01)
(0.011 0.093 0.01)
(0.012 0.093 0.01)
(0.013 0.093 0.01)
(0.014 0.093 0.01)
(0.015 0.093 0.01)
(0.016 0.093 0.01)
(0.017 0.093 0.01)
(0.018 0.093 0.01)
(0.019 0.093 0.01)
(0.02 0.093 0.01)
(0.021 0.093 0.01)
(0.022 0.093 0.01)
(0.023 0.093 0.01)
(0.024 0.093 0.01)
(0.025 0.093 0.01)
(0.026 0.093 0.01)
(0.027 0.093 0.01)
(0.028 0.093 0.01)
(0.029 0.093 0.01)
(0.03 0.093 0.01)
(0.031 0.093 0.01)
(0.032 0.093 0.01)
(0.033 0.093 0.01)
(0.034 0.093 0.01)
(0.035 0.093 0.01)
(0.036 0.093 0.01)
(0.037 0.093 0.01)
(0.038 0.093 0.01)
(0.039 0.093 0.01)
(0.04 0.093 0.01)
(0.041 0.093 0.01)
(0.042 0.093 0.01)
(0.043 0.093 0.01)
(0.044 0.093 0.01)
(0 0.094 0.01)
(0.001 0.094 0.01)
(0.002 0.094 0.01)
(0.003 0.094 0.01)
(0.004 0.094 0.01)
(0.005 0.094 0.01)
(0.006 0.094 0.01)
(0.007 0.094 0.01)
(0.008 0.094 0.01)
(0.009 0.094 0.01)
(0.01 0.094 0.01)
(0.011 0.094 0.01)
(0.012 0.094 0.01)
(0.013 0.094 0.01)
(0.014 0.094 0.01)
(0.015 0.094 0.01)
(0.016 0.094 0.01)
(0.017 0.094 0.01)
(0.018 0.094 0.01)
(0.019 0.094 0.01)
(0.02 0.094 0.01)
(0.021 0.094 0.01)
(0.022 0.094 0.01)
(0.023 0.094 0.01)
(0.024 0.094 0.01)
(0.025 0.094 0.01)
(0.026 0.094 0.01)
(0.027 0.094 0.01)
(0.028 0.094 0.01)
(0.029 0.094 0.01)
(0.03 0.094 0.01)
(0.031 0.094 0.01)
(0.032 0.094 0.01)
(0.033 0.094 0.01)
(0.034 0.094 0.01)
(0.035 0.094 0.01)
(0.036 0.094 0.01)
(0.037 0.094 0.01)
(0.038 0.094 0.01)
(0.039 0.094 0.01)
(0.04 0.094 0.01)
(0.041 0.094 0.01)
(0.042 0.094 0.01)
(0.043 0.094 0.01)
(0.044 0.094 0.01)
(0 0.095 0.01)
(0.001 0.095 0.01)
(0.002 0.095 0.01)
(0.003 0.095 0.01)
(0.004 0.095 0.01)
(0.005 0.095 0.01)
(0.006 0.095 0.01)
(0.007 0.095 0.01)
(0.008 0.095 0.01)
(0.009 0.095 0.01)
(0.01 0.095 0.01)
(0.011 0.095 0.01)
(0.012 0.095 0.01)
(0.013 0.095 0.01)
(0.014 0.095 0.01)
(0.015 0.095 0.01)
(0.016 0.095 0.01)
(0.017 0.095 0.01)
(0.018 0.095 0.01)
(0.019 0.095 0.01)
(0.02 0.095 0.01)
(0.021 0.095 0.01)
(0.022 0.095 0.01)
(0.023 0.095 0.01)
(0.024 0.095 0.01)
(0.025 0.095 0.01)
(0.026 0.095 0.01)
(0.027 0.095 0.01)
(0.028 0.095 0.01)
(0.029 0.095 0.01)
(0.03 0.095 0.01)
(0.031 0.095 0.01)
(0.032 0.095 0.01)
(0.033 0.095 0.01)
(0.034 0.095 0.01)
(0.035 0.095 0.01)
(0.036 0.095 0.01)
(0.037 0.095 0.01)
(0.038 0.095 0.01)
(0.039 0.095 0.01)
(0.04 0.095 0.01)
(0.041 0.095 0.01)
(0.042 0.095 0.01)
(0.043 0.095 0.01)
(0.044 0.095 0.01)
(0 0.096 0.01)
(0.001 0.096 0.01)
(0.002 0.096 0.01)
(0.003 0.096 0.01)
(0.004 0.096 0.01)
(0.005 0.096 0.01)
(0.006 0.096 0.01)
(0.007 0.096 0.01)
(0.008 0.096 0.01)
(0.009 0.096 0.01)
(0.01 0.096 0.01)
(0.011 0.096 0.01)
(0.012 0.096 0.01)
(0.013 0.096 0.01)
(0.014 0.096 0.01)
(0.015 0.096 0.01)
(0.016 0.096 0.01)
(0.017 0.096 0.01)
(0.018 0.096 0.01)
(0.019 0.096 0.01)
(0.02 0.096 0.01)
(0.021 0.096 0.01)
(0.022 0.096 0.01)
(0.023 0.096 0.01)
(0.024 0.096 0.01)
(0.025 0.096 0.01)
(0.026 0.096 0.01)
(0.027 0.096 0.01)
(0.028 0.096 0.01)
(0.029 0.096 0.01)
(0.03 0.096 0.01)
(0.031 0.096 0.01)
(0.032 0.096 0.01)
(0.033 0.096 0.01)
(0.034 0.096 0.01)
(0.035 0.096 0.01)
(0.036 0.096 0.01)
(0.037 0.096 0.01)
(0.038 0.096 0.01)
(0.039 0.096 0.01)
(0.04 0.096 0.01)
(0.041 0.096 0.01)
(0.042 0.096 0.01)
(0.043 0.096 0.01)
(0.044 0.096 0.01)
(0 0.097 0.01)
(0.001 0.097 0.01)
(0.002 0.097 0.01)
(0.003 0.097 0.01)
(0.004 0.097 0.01)
(0.005 0.097 0.01)
(0.006 0.097 0.01)
(0.007 0.097 0.01)
(0.008 0.097 0.01)
(0.009 0.097 0.01)
(0.01 0.097 0.01)
(0.011 0.097 0.01)
(0.012 0.097 0.01)
(0.013 0.097 0.01)
(0.014 0.097 0.01)
(0.015 0.097 0.01)
(0.016 0.097 0.01)
(0.017 0.097 0.01)
(0.018 0.097 0.01)
(0.019 0.097 0.01)
(0.02 0.097 0.01)
(0.021 0.097 0.01)
(0.022 0.097 0.01)
(0.023 0.097 0.01)
(0.024 0.097 0.01)
(0.025 0.097 0.01)
(0.026 0.097 0.01)
(0.027 0.097 0.01)
(0.028 0.097 0.01)
(0.029 0.097 0.01)
(0.03 0.097 0.01)
(0.031 0.097 0.01)
(0.032 0.097 0.01)
(0.033 0.097 0.01)
(0.034 0.097 0.01)
(0.035 0.097 0.01)
(0.036 0.097 0.01)
(0.037 0.097 0.01)
(0.038 0.097 0.01)
(0.039 0.097 0.01)
(0.04 0.097 0.01)
(0.041 0.097 0.01)
(0.042 0.097 0.01)
(0.043 0.097 0.01)
(0.044 0.097 0.01)
(0 0.098 0.01)
(0.001 0.098 0.01)
(0.002 0.098 0.01)
(0.003 0.098 0.01)
(0.004 0.098 0.01)
(0.005 0.098 0.01)
(0.006 0.098 0.01)
(0.007 0.098 0.01)
(0.008 0.098 0.01)
(0.009 0.098 0.01)
(0.01 0.098 0.01)
(0.011 0.098 0.01)
(0.012 0.098 0.01)
(0.013 0.098 0.01)
(0.014 0.098 0.01)
(0.015 0.098 0.01)
(0.016 0.098 0.01)
(0.017 0.098 0.01)
(0.018 0.098 0.01)
(0.019 0.098 0.01)
(0.02 0.098 0.01)
(0.021 0.098 0.01)
(0.022 0.098 0.01)
(0.023 0.098 0.01)
(0.024 0.098 0.01)
(0.025 0.098 0.01)
(0.026 0.098 0.01)
(0.027 0.098 0.01)
(0.028 0.098 0.01)
(0.029 0.098 0.01)
(0.03 0.098 0.01)
(0.031 0.098 0.01)
(0.032 0.098 0.01)
(0.033 0.098 0.01)
(0.034 0.098 0.01)
(0.035 0.098 0.01)
(0.036 0.098 0.01)
(0.037 0.098 0.01)
(0.038 0.098 0.01)
(0.039 0.098 0.01)
(0.04 0.098 0.01)
(0.041 0.098 0.01)
(0.042 0.098 0.01)
(0.043 0.098 0.01)
(0.044 0.098 0.01)
(0 0.099 0.01)
(0.001 0.099 0.01)
(0.002 0.099 0.01)
(0.003 0.099 0.01)
(0.004 0.099 0.01)
(0.005 0.099 0.01)
(0.006 0.099 0.01)
(0.007 0.099 0.01)
(0.008 0.099 0.01)
(0.009 0.099 0.01)
(0.01 0.099 0.01)
(0.011 0.099 0.01)
(0.012 0.099 0.01)
(0.013 0.099 0.01)
(0.014 0.099 0.01)
(0.015 0.099 0.01)
(0.016 0.099 0.01)
(0.017 0.099 0.01)
(0.018 0.099 0.01)
(0.019 0.099 0.01)
(0.02 0.099 0.01)
(0.021 0.099 0.01)
(0.022 0.099 0.01)
(0.023 0.099 0.01)
(0.024 0.099 0.01)
(0.025 0.099 0.01)
(0.026 0.099 0.01)
(0.027 0.099 0.01)
(0.028 0.099 0.01)
(0.029 0.099 0.01)
(0.03 0.099 0.01)
(0.031 0.099 0.01)
(0.032 0.099 0.01)
(0.033 0.099 0.01)
(0.034 0.099 0.01)
(0.035 0.099 0.01)
(0.036 0.099 0.01)
(0.037 0.099 0.01)
(0.038 0.099 0.01)
(0.039 0.099 0.01)
(0.04 0.099 0.01)
(0.041 0.099 0.01)
(0.042 0.099 0.01)
(0.043 0.099 0.01)
(0.044 0.099 0.01)
(0 0.1 0.01)
(0.001 0.1 0.01)
(0.002 0.1 0.01)
(0.003 0.1 0.01)
(0.004 0.1 0.01)
(0.005 0.1 0.01)
(0.006 0.1 0.01)
(0.007 0.1 0.01)
(0.008 0.1 0.01)
(0.009 0.1 0.01)
(0.01 0.1 0.01)
(0.011 0.1 0.01)
(0.012 0.1 0.01)
(0.013 0.1 0.01)
(0.014 0.1 0.01)
(0.015 0.1 0.01)
(0.016 0.1 0.01)
(0.017 0.1 0.01)
(0.018 0.1 0.01)
(0.019 0.1 0.01)
(0.02 0.1 0.01)
(0.021 0.1 0.01)
(0.022 0.1 0.01)
(0.023 0.1 0.01)
(0.024 0.1 0.01)
(0.025 0.1 0.01)
(0.026 0.1 0.01)
(0.027 0.1 0.01)
(0.028 0.1 0.01)
(0.029 0.1 0.01)
(0.03 0.1 0.01)
(0.031 0.1 0.01)
(0.032 0.1 0.01)
(0.033 0.1 0.01)
(0.034 0.1 0.01)
(0.035 0.1 0.01)
(0.036 0.1 0.01)
(0.037 0.1 0.01)
(0.038 0.1 0.01)
(0.039 0.1 0.01)
(0.04 0.1 0.01)
(0.041 0.1 0.01)
(0.042 0.1 0.01)
(0.043 0.1 0.01)
(0.044 0.1 0.01)
)


// ************************************************************************* //
