/*--------------------------------*- C++ -*----------------------------------*\
  =========                 |
  \\      /  F ield         | OpenFOAM: The Open Source CFD Toolbox
   \\    /   O peration     | Website:  https://openfoam.org
    \\  /    A nd           | Version:  9
     \\/     M anipulation  |
\*---------------------------------------------------------------------------*/
FoamFile
{
    format      ascii;
    class       volScalarField;
    location    "4";
    object      p;
}
// * * * * * * * * * * * * * * * * * * * * * * * * * * * * * * * * * * * * * //

dimensions      [0 2 -2 0 0 0 0];

internalField   nonuniform List<scalar> 
10000
(
0.109402
0.109424
0.109437
0.109437
0.10942
0.109385
0.109332
0.109262
0.109178
0.109081
0.108973
0.108855
0.108729
0.108594
0.108451
0.108301
0.108142
0.107974
0.107797
0.10761
0.107413
0.107204
0.106985
0.106755
0.106514
0.106264
0.106004
0.105736
0.105462
0.105183
0.104903
0.104623
0.104346
0.104077
0.103819
0.103575
0.103351
0.103151
0.102979
0.10284
0.102739
0.102679
0.102665
0.102699
0.102783
0.102921
0.103112
0.103356
0.103651
0.103995
0.104382
0.104809
0.105268
0.10575
0.106246
0.106748
0.107243
0.107721
0.10817
0.108579
0.108938
0.109237
0.109468
0.109623
0.109699
0.109692
0.109601
0.109429
0.109178
0.108856
0.108469
0.108028
0.107542
0.107022
0.10648
0.105928
0.105374
0.10483
0.104304
0.103803
0.103333
0.102898
0.102501
0.102144
0.101826
0.101548
0.101308
0.101104
0.100933
0.100794
0.100684
0.1006
0.100542
0.100507
0.100493
0.1005
0.100525
0.100561
0.100603
0.100635
0.10938
0.109402
0.10941
0.109406
0.109386
0.109351
0.109301
0.109236
0.109158
0.109067
0.108967
0.108857
0.108738
0.108611
0.108476
0.108333
0.108182
0.108022
0.107852
0.107674
0.107485
0.107286
0.107076
0.106856
0.106626
0.106386
0.106138
0.105881
0.105618
0.10535
0.10508
0.10481
0.104543
0.104281
0.104029
0.103791
0.10357
0.103371
0.103198
0.103055
0.102948
0.102879
0.102853
0.102872
0.102941
0.103059
0.103228
0.103447
0.103716
0.104032
0.10439
0.104785
0.105212
0.105663
0.106129
0.106599
0.107065
0.107514
0.107937
0.108323
0.108661
0.108942
0.109159
0.109304
0.109373
0.109364
0.109276
0.10911
0.10887
0.108562
0.108194
0.107773
0.107311
0.106818
0.106303
0.105779
0.105255
0.10474
0.104241
0.103767
0.103321
0.102909
0.102532
0.102192
0.101889
0.101623
0.101392
0.101195
0.101029
0.100893
0.100783
0.100699
0.100637
0.100596
0.100575
0.100571
0.100583
0.100606
0.100635
0.100668
0.109367
0.109394
0.109402
0.109396
0.109375
0.109341
0.109292
0.109229
0.109154
0.109069
0.108973
0.108868
0.108755
0.108634
0.108505
0.108369
0.108224
0.108071
0.107909
0.107737
0.107556
0.107364
0.107162
0.10695
0.106727
0.106495
0.106253
0.106003
0.105747
0.105485
0.105219
0.104953
0.104688
0.104428
0.104176
0.103935
0.103711
0.103506
0.103326
0.103174
0.103056
0.102975
0.102935
0.10294
0.102991
0.103092
0.103243
0.103444
0.103693
0.10399
0.104329
0.104706
0.105115
0.105548
0.105997
0.106453
0.106904
0.107341
0.107753
0.10813
0.10846
0.108735
0.108947
0.109089
0.109157
0.109148
0.109062
0.108899
0.108664
0.108363
0.108002
0.107592
0.10714
0.106659
0.106158
0.105648
0.105139
0.104639
0.104157
0.103699
0.10327
0.102873
0.102511
0.102185
0.101894
0.10164
0.101419
0.10123
0.101071
0.100939
0.100833
0.100749
0.100687
0.100645
0.10062
0.100612
0.100618
0.100635
0.100665
0.100709
0.109366
0.109398
0.109408
0.109401
0.10938
0.109345
0.109297
0.109236
0.109163
0.109081
0.108989
0.108888
0.10878
0.108664
0.108542
0.108411
0.108273
0.108126
0.107971
0.107806
0.107631
0.107446
0.10725
0.107044
0.106827
0.1066
0.106363
0.106117
0.105862
0.105602
0.105336
0.105068
0.1048
0.104535
0.104276
0.104027
0.103792
0.103575
0.103381
0.103215
0.10308
0.102982
0.102924
0.10291
0.102943
0.103025
0.103158
0.103341
0.103574
0.103854
0.104178
0.104544
0.104941
0.105365
0.105805
0.106254
0.106701
0.107134
0.107544
0.10792
0.108251
0.108527
0.108742
0.108887
0.108959
0.108953
0.108871
0.108712
0.108482
0.108185
0.107829
0.107423
0.106977
0.106501
0.106007
0.105505
0.105005
0.104515
0.104044
0.103597
0.10318
0.102796
0.102447
0.102134
0.101856
0.101613
0.101403
0.101224
0.101073
0.100949
0.100848
0.100768
0.100708
0.100666
0.100641
0.100631
0.100635
0.100653
0.100686
0.100744
0.109383
0.109417
0.109427
0.109419
0.109398
0.109362
0.109313
0.109253
0.109182
0.109101
0.109013
0.108916
0.108813
0.108702
0.108585
0.10846
0.108328
0.108188
0.108039
0.10788
0.107711
0.107532
0.107341
0.107139
0.106925
0.1067
0.106464
0.106218
0.105961
0.105696
0.105425
0.105149
0.104871
0.104593
0.10432
0.104054
0.103801
0.103565
0.10335
0.103162
0.103004
0.102883
0.102802
0.102765
0.102776
0.102837
0.10295
0.103115
0.103332
0.103598
0.103911
0.104264
0.104653
0.105071
0.105508
0.105955
0.106402
0.106839
0.107253
0.107635
0.107973
0.108258
0.108481
0.108636
0.108716
0.10872
0.108647
0.108496
0.108273
0.107983
0.107634
0.107233
0.106793
0.106323
0.105834
0.105338
0.104844
0.104362
0.103899
0.103462
0.103055
0.102682
0.102345
0.102045
0.10178
0.101549
0.101351
0.101184
0.101043
0.100927
0.100834
0.100761
0.100705
0.100666
0.100642
0.100632
0.100637
0.100655
0.100693
0.100763
0.109418
0.109452
0.109461
0.109451
0.109428
0.109391
0.109341
0.109281
0.10921
0.109131
0.109045
0.108952
0.108852
0.108747
0.108634
0.108515
0.108389
0.108254
0.10811
0.107956
0.107792
0.107616
0.107427
0.107227
0.107013
0.106785
0.106545
0.106292
0.106027
0.105752
0.105467
0.105174
0.104877
0.104578
0.104282
0.103991
0.103711
0.103446
0.103202
0.102984
0.102797
0.102647
0.102537
0.102473
0.102459
0.102496
0.102587
0.102732
0.102932
0.103184
0.103485
0.10383
0.104214
0.104628
0.105066
0.105516
0.105969
0.106414
0.106839
0.107233
0.107586
0.107887
0.108127
0.108299
0.108398
0.108419
0.108361
0.108227
0.108018
0.10774
0.107401
0.107011
0.106578
0.106116
0.105634
0.105144
0.104656
0.104181
0.103725
0.103296
0.102899
0.102536
0.10221
0.101922
0.101669
0.101451
0.101266
0.10111
0.100981
0.100875
0.100791
0.100725
0.100675
0.100641
0.10062
0.100612
0.100619
0.100639
0.10068
0.100758
0.109474
0.109504
0.10951
0.109498
0.109471
0.109432
0.109381
0.109319
0.109249
0.109171
0.109086
0.108996
0.1089
0.108798
0.10869
0.108575
0.108453
0.108322
0.108182
0.10803
0.107868
0.107692
0.107502
0.107298
0.107078
0.106843
0.106592
0.106325
0.106044
0.105748
0.10544
0.105121
0.104795
0.104465
0.104134
0.103808
0.103491
0.103189
0.102907
0.102651
0.102428
0.102241
0.102098
0.102002
0.101957
0.101967
0.102033
0.102158
0.102339
0.102576
0.102866
0.103203
0.103583
0.103997
0.104438
0.104895
0.105359
0.105818
0.10626
0.106675
0.10705
0.107376
0.107642
0.107842
0.107968
0.108017
0.107986
0.107877
0.107692
0.107436
0.107117
0.106743
0.106325
0.105875
0.105404
0.104923
0.104444
0.103976
0.103528
0.103107
0.102718
0.102365
0.102049
0.101771
0.10153
0.101324
0.10115
0.101006
0.100889
0.100794
0.10072
0.100662
0.10062
0.100591
0.100574
0.10057
0.100578
0.1006
0.100644
0.100726
0.109548
0.109573
0.109574
0.109558
0.109528
0.109485
0.109432
0.109369
0.109298
0.10922
0.109137
0.109048
0.108954
0.108855
0.10875
0.108638
0.108518
0.108389
0.108249
0.108098
0.107933
0.107752
0.107556
0.107343
0.107111
0.106859
0.106589
0.106299
0.105991
0.105664
0.105322
0.104966
0.1046
0.104226
0.103851
0.103479
0.103115
0.102765
0.102436
0.102134
0.101866
0.101637
0.101453
0.101319
0.10124
0.101218
0.101257
0.101356
0.101517
0.101738
0.102015
0.102344
0.10272
0.103136
0.103582
0.10405
0.104529
0.105007
0.105473
0.105916
0.106323
0.106683
0.106988
0.107226
0.107393
0.107482
0.107492
0.107422
0.107273
0.107051
0.106763
0.106417
0.106024
0.105595
0.105141
0.104675
0.104209
0.103752
0.103313
0.102901
0.102521
0.102176
0.101869
0.101601
0.10137
0.101175
0.101012
0.10088
0.100773
0.100689
0.100624
0.100576
0.100541
0.100518
0.100506
0.100506
0.100516
0.10054
0.100584
0.100667
0.109642
0.109659
0.109653
0.109632
0.109597
0.109551
0.109495
0.109429
0.109357
0.109279
0.109196
0.109108
0.109015
0.108917
0.108813
0.108702
0.108582
0.108451
0.108309
0.108152
0.107979
0.107789
0.107579
0.107348
0.107095
0.106819
0.106519
0.106195
0.105848
0.105479
0.10509
0.104684
0.104265
0.103837
0.103405
0.102975
0.102553
0.102146
0.101761
0.101405
0.101084
0.100805
0.100574
0.100396
0.100276
0.100218
0.100224
0.100295
0.100432
0.100633
0.100895
0.101215
0.101587
0.102004
0.102457
0.102938
0.103436
0.103939
0.104436
0.104914
0.105363
0.105769
0.106123
0.106414
0.106636
0.106781
0.106847
0.106831
0.106736
0.106564
0.106322
0.106018
0.105662
0.105265
0.10484
0.104397
0.10395
0.103509
0.103085
0.102684
0.102313
0.101978
0.10168
0.10142
0.101198
0.101012
0.10086
0.100737
0.10064
0.100566
0.10051
0.100469
0.100442
0.100425
0.100418
0.10042
0.100433
0.100457
0.1005
0.10058
0.109754
0.10976
0.109747
0.109719
0.10968
0.109629
0.109569
0.109501
0.109427
0.109347
0.109263
0.109175
0.109081
0.108983
0.108877
0.108764
0.10864
0.108504
0.108353
0.108186
0.107999
0.107791
0.107559
0.107302
0.107017
0.106704
0.106363
0.105992
0.105593
0.105169
0.10472
0.104251
0.103767
0.103271
0.102771
0.102272
0.101782
0.101308
0.100857
0.100437
0.100055
0.0997182
0.0994326
0.0992039
0.0990372
0.0989361
0.0989036
0.0989412
0.0990493
0.0992271
0.0994718
0.0997799
0.100146
0.100564
0.101025
0.10152
0.10204
0.102572
0.103106
0.103629
0.104128
0.104591
0.105007
0.105366
0.105658
0.105877
0.106016
0.106074
0.106051
0.105948
0.10577
0.105526
0.105224
0.104875
0.10449
0.104083
0.103666
0.103249
0.102844
0.102459
0.102102
0.101777
0.101488
0.101237
0.101023
0.100845
0.1007
0.100585
0.100496
0.100429
0.100381
0.100347
0.100326
0.100314
0.100311
0.100316
0.10033
0.100353
0.100394
0.100468
0.109883
0.109876
0.109854
0.10982
0.109774
0.109719
0.109655
0.109584
0.109507
0.109425
0.109339
0.109248
0.109152
0.10905
0.10894
0.10882
0.108688
0.108541
0.108376
0.108191
0.107982
0.107747
0.107483
0.107188
0.10686
0.106498
0.106101
0.10567
0.105207
0.104712
0.10419
0.103645
0.103082
0.102507
0.101926
0.101347
0.100778
0.100226
0.0997002
0.0992075
0.0987561
0.0983531
0.0980052
0.0977183
0.0974975
0.0973471
0.0972701
0.0972684
0.0973427
0.0974924
0.0977153
0.0980082
0.0983662
0.0987831
0.0992515
0.0997625
0.100306
0.100872
0.101447
0.102021
0.102579
0.10311
0.103602
0.104042
0.104421
0.104731
0.104963
0.105116
0.105185
0.105172
0.105081
0.104917
0.104688
0.104406
0.10408
0.103723
0.103348
0.102966
0.10259
0.102228
0.101888
0.101578
0.1013
0.101058
0.100851
0.100679
0.100541
0.100431
0.100348
0.100287
0.100243
0.100215
0.100198
0.100189
0.100189
0.100195
0.100209
0.100231
0.100268
0.100334
0.110027
0.110005
0.109974
0.109932
0.10988
0.109819
0.109751
0.109676
0.109596
0.109511
0.10942
0.109325
0.109224
0.109115
0.108997
0.108866
0.10872
0.108556
0.108369
0.108157
0.107917
0.107644
0.107336
0.106991
0.106606
0.106181
0.105716
0.10521
0.104667
0.104089
0.10348
0.102845
0.10219
0.101523
0.10085
0.10018
0.0995217
0.0988826
0.0982719
0.0976977
0.0971682
0.096691
0.096273
0.0959205
0.0956389
0.0954325
0.0953047
0.0952578
0.0952927
0.0954094
0.0956061
0.0958798
0.0962264
0.0966402
0.0971142
0.0976403
0.0982088
0.0988094
0.0994305
0.10006
0.100685
0.101293
0.10187
0.102406
0.102887
0.103305
0.103651
0.103918
0.104102
0.104203
0.104222
0.104162
0.10403
0.103835
0.103588
0.1033
0.102984
0.102652
0.102315
0.101986
0.101671
0.10138
0.101117
0.100885
0.100687
0.100521
0.100387
0.100281
0.100201
0.100142
0.100102
0.100076
0.100061
0.100054
0.100054
0.100061
0.100073
0.100092
0.100124
0.100181
0.110185
0.110146
0.110103
0.110053
0.109995
0.109929
0.109856
0.109777
0.109692
0.109602
0.109506
0.109404
0.109294
0.109175
0.109043
0.108896
0.108729
0.108539
0.108322
0.108074
0.10779
0.107468
0.107104
0.106695
0.106239
0.105737
0.105188
0.104593
0.103956
0.10328
0.10257
0.101833
0.101075
0.100304
0.099528
0.0987567
0.0979986
0.097263
0.0965588
0.0958948
0.0952795
0.0947207
0.0942257
0.093801
0.0934521
0.0931837
0.0929995
0.0929019
0.0928924
0.0929712
0.0931369
0.0933873
0.0937187
0.094126
0.0946029
0.0951419
0.0957341
0.0963696
0.0970373
0.0977255
0.0984216
0.0991125
0.099785
0.100426
0.101024
0.101566
0.102042
0.102444
0.102767
0.103005
0.103158
0.103228
0.103218
0.103136
0.102992
0.102794
0.102557
0.102292
0.102011
0.101725
0.101446
0.101182
0.100938
0.100721
0.100532
0.100372
0.100242
0.100138
0.100059
0.100001
0.0999609
0.0999344
0.0999188
0.0999113
0.0999102
0.0999146
0.0999243
0.0999399
0.0999663
0.100014
0.110352
0.110295
0.110241
0.110183
0.110117
0.110046
0.109967
0.109883
0.109793
0.109696
0.109592
0.10948
0.109358
0.109223
0.109072
0.108901
0.108706
0.108482
0.108224
0.107929
0.10759
0.107205
0.106771
0.106284
0.105743
0.105148
0.104501
0.103803
0.103058
0.10227
0.101447
0.100595
0.0997222
0.0988368
0.0979483
0.0970663
0.0962003
0.09536
0.0945549
0.0937943
0.0930868
0.0924405
0.091863
0.0913608
0.0909398
0.0906048
0.0903596
0.090207
0.0901487
0.0901852
0.0903159
0.0905387
0.0908506
0.0912474
0.0917233
0.0922716
0.0928844
0.0935523
0.0942652
0.0950117
0.0957798
0.0965566
0.0973287
0.0980828
0.0988055
0.0994839
0.100106
0.100662
0.101142
0.101541
0.101853
0.102079
0.102218
0.102277
0.102261
0.10218
0.102045
0.101867
0.10166
0.101435
0.101204
0.100976
0.10076
0.100561
0.100385
0.100234
0.100107
0.100005
0.0999255
0.0998657
0.0998227
0.0997933
0.0997744
0.0997636
0.099759
0.0997595
0.0997651
0.0997759
0.099796
0.0998336
0.110526
0.110449
0.110382
0.110316
0.110244
0.110166
0.110082
0.109992
0.109894
0.109789
0.109674
0.109549
0.10941
0.109254
0.109077
0.108875
0.108642
0.108374
0.108065
0.107709
0.107303
0.106842
0.106323
0.105743
0.105102
0.104401
0.103641
0.102826
0.10196
0.101049
0.100101
0.099123
0.098125
0.0971162
0.0961065
0.0951061
0.0941254
0.0931744
0.0922632
0.0914011
0.0905972
0.0898597
0.0891963
0.0886136
0.0881176
0.0877132
0.0874043
0.0871939
0.0870838
0.087075
0.087167
0.0873585
0.0876468
0.0880285
0.0884987
0.0890515
0.0896798
0.0903753
0.0911288
0.0919298
0.0927669
0.0936279
0.0944996
0.0953686
0.0962211
0.0970433
0.0978219
0.0985445
0.0991998
0.0997784
0.100273
0.100679
0.100995
0.101222
0.101363
0.101426
0.10142
0.101355
0.101243
0.101098
0.100931
0.100753
0.100574
0.100403
0.100244
0.100104
0.0999824
0.0998816
0.0998003
0.0997369
0.099689
0.099654
0.0996294
0.0996127
0.0996022
0.099597
0.0995968
0.0996019
0.0996153
0.0996435
0.110702
0.110603
0.110525
0.11045
0.110371
0.110287
0.110196
0.110098
0.109992
0.109875
0.109747
0.109603
0.109442
0.109259
0.109049
0.108807
0.108528
0.108204
0.107831
0.107403
0.106916
0.106364
0.105746
0.10506
0.104305
0.103483
0.102597
0.101652
0.100653
0.0996078
0.0985244
0.0974123
0.0962813
0.0951418
0.0940048
0.0928809
0.0917812
0.0907161
0.089696
0.0887305
0.0878287
0.0869991
0.0862491
0.0855856
0.0850143
0.0845402
0.0841671
0.083898
0.0837349
0.0836788
0.0837299
0.0838869
0.084148
0.0845101
0.0849693
0.0855206
0.086158
0.0868742
0.087661
0.0885092
0.0894084
0.0903472
0.0913134
0.0922937
0.0932744
0.0942414
0.0951802
0.096077
0.0969183
0.097692
0.0983876
0.0989968
0.0995138
0.0999358
0.100263
0.100499
0.100651
0.100726
0.100736
0.100693
0.100609
0.100498
0.10037
0.100235
0.100103
0.0999774
0.0998644
0.0997658
0.0996827
0.0996144
0.0995599
0.0995171
0.0994842
0.0994592
0.0994407
0.0994279
0.0994206
0.0994189
0.0994254
0.099445
0.110875
0.110754
0.110662
0.110579
0.110492
0.110402
0.110304
0.110198
0.11008
0.109949
0.109803
0.109637
0.109447
0.10923
0.108979
0.108688
0.108351
0.107961
0.107512
0.106999
0.106416
0.105761
0.10503
0.104222
0.10334
0.102385
0.101361
0.100275
0.0991335
0.0979447
0.0967185
0.0954651
0.0941955
0.0929211
0.0916534
0.0904039
0.0891839
0.0880044
0.0868759
0.0858081
0.0848103
0.0838906
0.0830565
0.0823145
0.0816703
0.0811286
0.080693
0.0803665
0.0801511
0.0800478
0.0800569
0.0801775
0.0804083
0.0807468
0.0811899
0.0817334
0.0823723
0.0831007
0.0839115
0.0847968
0.0857475
0.0867536
0.0878039
0.0888861
0.0899871
0.0910929
0.0921887
0.0932596
0.0942906
0.0952672
0.0961759
0.0970046
0.0977436
0.0983856
0.0989262
0.0993648
0.0997038
0.099949
0.100109
0.100195
0.100219
0.100194
0.100133
0.100049
0.0999508
0.0998483
0.0997479
0.0996541
0.0995699
0.0994965
0.0994339
0.0993816
0.0993384
0.099303
0.0992745
0.0992523
0.0992365
0.0992273
0.0992268
0.0992386
0.111039
0.110894
0.110789
0.110697
0.110604
0.110506
0.1104
0.110283
0.110152
0.110004
0.109834
0.109641
0.109417
0.109158
0.108857
0.108507
0.108101
0.107633
0.107096
0.106484
0.105793
0.10502
0.104163
0.103223
0.102201
0.101102
0.0999301
0.0986939
0.0974016
0.0960628
0.0946884
0.0932899
0.0918792
0.0904685
0.0890701
0.0876961
0.086358
0.0850673
0.0838342
0.0826687
0.0815797
0.0805751
0.0796622
0.078847
0.0781349
0.0775302
0.0770362
0.0766557
0.0763904
0.0762415
0.0762092
0.0762929
0.0764915
0.0768032
0.0772255
0.077755
0.0783878
0.0791191
0.0799432
0.0808536
0.0818427
0.0829021
0.084022
0.0851917
0.0863989
0.0876306
0.0888725
0.0901094
0.0913253
0.0925042
0.09363
0.0946874
0.0956625
0.0965433
0.0973207
0.0979887
0.0985448
0.0989905
0.099331
0.0995748
0.099733
0.0998186
0.0998455
0.0998276
0.0997777
0.0997073
0.099626
0.0995411
0.0994579
0.0993798
0.0993088
0.0992457
0.0991905
0.0991429
0.0991026
0.0990696
0.0990441
0.0990267
0.0990191
0.099024
0.111186
0.111017
0.1109
0.110799
0.110699
0.110593
0.110477
0.110348
0.1102
0.11003
0.109834
0.109606
0.109341
0.109032
0.108671
0.108253
0.107768
0.10721
0.106572
0.105849
0.105038
0.104135
0.10314
0.102055
0.100884
0.099631
0.0983038
0.0969112
0.095463
0.0939706
0.0924459
0.0909015
0.0893505
0.0878057
0.0862801
0.0847861
0.0833357
0.08194
0.0806096
0.0793539
0.0781816
0.0771001
0.0761162
0.0752355
0.0744626
0.0738015
0.0732552
0.0728258
0.0725149
0.0723235
0.0722519
0.0722994
0.0724652
0.072748
0.0731457
0.0736558
0.0742753
0.0750005
0.075827
0.0767498
0.0777629
0.0788595
0.0800316
0.0812702
0.082565
0.083904
0.0852742
0.086661
0.0880486
0.0894199
0.0907575
0.0920433
0.0932599
0.0943909
0.0954219
0.0963414
0.097141
0.0978166
0.0983686
0.0988015
0.0991238
0.0993472
0.0994858
0.0995546
0.0995689
0.0995431
0.0994898
0.0994197
0.0993411
0.0992601
0.099181
0.0991066
0.0990383
0.0989772
0.0989237
0.0988785
0.0988423
0.098816
0.0988011
0.0987999
0.111309
0.111116
0.110986
0.110877
0.110769
0.110654
0.110528
0.110383
0.110216
0.11002
0.109791
0.109523
0.109209
0.108842
0.108414
0.107916
0.107341
0.106681
0.105931
0.105086
0.104142
0.103099
0.101956
0.100718
0.0993887
0.0979757
0.0964875
0.0949347
0.0933287
0.0916821
0.0900082
0.0883208
0.0866336
0.0849604
0.0833144
0.0817084
0.0801543
0.0786633
0.0772454
0.0759097
0.0746643
0.073516
0.072471
0.071534
0.0707092
0.0699999
0.0694085
0.0689368
0.0685858
0.0683563
0.0682489
0.0682621
0.0683957
0.0686486
0.0690193
0.0695058
0.070106
0.070817
0.0716358
0.0725587
0.0735813
0.0746984
0.0759042
0.0771914
0.0785517
0.0799752
0.0814507
0.0829649
0.084503
0.0860483
0.0875826
0.0890865
0.09054
0.0919228
0.0932157
0.0944013
0.095465
0.0963963
0.0971891
0.0978423
0.0983602
0.0987517
0.0990294
0.0992091
0.0993075
0.099342
0.0993285
0.0992815
0.0992129
0.0991321
0.0990464
0.0989608
0.098879
0.0988033
0.0987355
0.0986771
0.0986293
0.0985935
0.0985712
0.0985644
0.111399
0.111183
0.11104
0.110923
0.110807
0.110683
0.110543
0.110381
0.11019
0.109964
0.109698
0.109383
0.109013
0.108579
0.108073
0.107486
0.106811
0.106039
0.105166
0.104188
0.103102
0.101909
0.10061
0.0992116
0.0977193
0.0961421
0.0944907
0.0927771
0.0910143
0.0892164
0.0873979
0.0855735
0.0837577
0.0819648
0.0802084
0.0785011
0.0768549
0.0752803
0.0737869
0.0723832
0.0710765
0.069873
0.0687777
0.067795
0.066928
0.0661795
0.0655511
0.0650442
0.0646595
0.0643974
0.0642582
0.0642398
0.064343
0.0645665
0.0649091
0.0653693
0.0659456
0.0666361
0.0674386
0.0683507
0.0693695
0.0704916
0.0717127
0.0730279
0.0744308
0.0759141
0.0774685
0.0790831
0.0807448
0.0824382
0.0841458
0.0858479
0.0875231
0.0891486
0.0907011
0.092158
0.0934983
0.0947045
0.0957629
0.0966657
0.0974107
0.098002
0.0984495
0.0987676
0.098974
0.0990881
0.0991296
0.0991167
0.0990655
0.0989897
0.0988999
0.0988044
0.0987091
0.0986184
0.0985355
0.0984629
0.0984028
0.0983568
0.0983269
0.0983148
0.111449
0.11121
0.111055
0.11093
0.110804
0.110669
0.110514
0.110331
0.110113
0.109853
0.109543
0.109175
0.108742
0.108233
0.107641
0.106955
0.10617
0.105277
0.104272
0.103151
0.101915
0.100565
0.0991051
0.0975416
0.0958833
0.094141
0.0923271
0.0904551
0.0885399
0.0865968
0.0846414
0.0826892
0.0807553
0.0788543
0.0769998
0.0752042
0.073479
0.0718342
0.0702787
0.0688201
0.0674647
0.0662178
0.0650838
0.0640659
0.0631666
0.0623879
0.0617308
0.0611962
0.0607844
0.0604948
0.0603267
0.0602819
0.0603577
0.0605533
0.060868
0.0613007
0.0618504
0.0625157
0.0632955
0.0641882
0.0651922
0.0663056
0.0675259
0.0688499
0.0702736
0.071792
0.0733983
0.0750842
0.076839
0.0786497
0.0805006
0.0823729
0.0842453
0.0860938
0.0878925
0.0896148
0.0912339
0.0927252
0.0940673
0.0952439
0.0962451
0.097068
0.0977174
0.0982045
0.0985463
0.0987634
0.0988784
0.0989138
0.0988902
0.098826
0.0987363
0.0986328
0.0985249
0.0984192
0.0983207
0.0982334
0.0981601
0.0981034
0.0980654
0.0980477
0.111449
0.111188
0.111021
0.110888
0.110753
0.110605
0.110433
0.110226
0.109977
0.109677
0.109318
0.108891
0.108387
0.107796
0.107108
0.106316
0.105412
0.104389
0.103244
0.101975
0.100583
0.0990709
0.0974459
0.095716
0.093892
0.0919865
0.0900138
0.0879893
0.0859291
0.0838498
0.081768
0.0796998
0.0776606
0.0756651
0.0737266
0.071857
0.0700672
0.0683663
0.0667623
0.0652618
0.0638702
0.0625918
0.0614299
0.0603871
0.0594649
0.0586645
0.0579865
0.0574312
0.0569983
0.0566872
0.0564971
0.0564282
0.0564791
0.0566491
0.0569371
0.0573424
0.0578642
0.0585019
0.0592546
0.0601219
0.0611029
0.062197
0.063403
0.0647197
0.0661449
0.0676759
0.0693086
0.0710372
0.0728541
0.0747491
0.0767092
0.078718
0.0807555
0.0827983
0.0848196
0.08679
0.0886787
0.0904547
0.0920889
0.0935563
0.0948376
0.0959212
0.0968043
0.0974927
0.0980003
0.0983475
0.0985586
0.0986599
0.098677
0.0986335
0.0985495
0.0984415
0.0983225
0.0982023
0.0980881
0.0979855
0.0978985
0.0978304
0.0977836
0.0977599
0.111391
0.111109
0.110931
0.110789
0.110644
0.110482
0.11029
0.110056
0.109772
0.109428
0.109015
0.108522
0.10794
0.107259
0.10647
0.105563
0.104533
0.103373
0.102082
0.100659
0.0991075
0.0974322
0.0956417
0.0937466
0.0917598
0.089696
0.0875713
0.0854027
0.0832076
0.0810037
0.0788083
0.0766379
0.0745079
0.0724327
0.0704251
0.0684964
0.0666564
0.0649133
0.0632741
0.0617443
0.0603282
0.0590291
0.0578494
0.0567907
0.0558539
0.0550395
0.0543475
0.0537777
0.0533293
0.0530017
0.0527939
0.0527053
0.0527348
0.0528817
0.0531451
0.0535242
0.0540186
0.0546277
0.0553514
0.0561896
0.0571422
0.0582095
0.0593915
0.0606882
0.0620994
0.0636241
0.0652608
0.0670063
0.068856
0.070803
0.0728374
0.0749461
0.077112
0.0793136
0.081525
0.0837163
0.085854
0.0879026
0.0898263
0.0915915
0.0931691
0.0945373
0.0956834
0.0966052
0.097311
0.0978183
0.0981518
0.0983405
0.0984147
0.0984035
0.0983331
0.0982253
0.0980979
0.0979642
0.0978345
0.0977163
0.0976149
0.0975345
0.0974783
0.0974475
0.111266
0.110965
0.110777
0.110626
0.110469
0.110291
0.110077
0.109814
0.109491
0.109098
0.108624
0.10806
0.107395
0.106618
0.10572
0.104693
0.103531
0.10223
0.100789
0.0992096
0.0974967
0.0956581
0.0937041
0.0916477
0.089504
0.0872895
0.0850221
0.0827202
0.0804027
0.0780878
0.0757932
0.0735355
0.07133
0.0691903
0.0671286
0.0651553
0.063279
0.0615069
0.0598447
0.0582969
0.0568666
0.0555563
0.0543673
0.0533006
0.0523563
0.0515342
0.050834
0.0502548
0.0497959
0.049456
0.0492343
0.0491297
0.0491413
0.0492681
0.0495093
0.0498642
0.0503325
0.0509139
0.0516083
0.052416
0.0533376
0.0543737
0.0555253
0.0567934
0.0581791
0.0596831
0.0613058
0.0630465
0.0649034
0.0668729
0.0689487
0.0711213
0.0733773
0.0756986
0.0780618
0.0804385
0.0827948
0.0850926
0.0872915
0.0893502
0.0912303
0.0928989
0.094332
0.0955169
0.0964532
0.0971527
0.097638
0.0979393
0.0980905
0.0981266
0.09808
0.097979
0.0978468
0.0977015
0.0975567
0.0974225
0.0973061
0.0972128
0.097146
0.0971069
0.111066
0.110748
0.11055
0.11039
0.110221
0.110025
0.109786
0.10949
0.109125
0.108679
0.108141
0.107501
0.106746
0.105868
0.104856
0.103704
0.102407
0.100961
0.0993682
0.0976319
0.0957591
0.09376
0.0916472
0.089436
0.0871436
0.0847883
0.0823898
0.0799677
0.0775416
0.0751304
0.0727519
0.0704224
0.0681567
0.0659676
0.0638663
0.0618619
0.059962
0.0581725
0.0564981
0.0549419
0.0535063
0.0521925
0.0510013
0.0499327
0.0489864
0.0481617
0.0474577
0.0468735
0.0464077
0.0460592
0.0458269
0.0457095
0.0457061
0.0458157
0.0460375
0.0463707
0.0468151
0.0473704
0.0480367
0.0488145
0.0497045
0.0507078
0.0518258
0.0530603
0.0544132
0.0558865
0.057482
0.0592013
0.0610449
0.0630121
0.0651002
0.0673035
0.0696127
0.0720141
0.0744883
0.0770099
0.0795468
0.0820611
0.0845094
0.0868456
0.0890228
0.0909977
0.0927341
0.0942065
0.0954033
0.0963275
0.0969964
0.0974386
0.0976906
0.0977921
0.0977824
0.0976966
0.0975647
0.0974103
0.0972515
0.0971013
0.0969692
0.0968619
0.0967834
0.0967344
0.110784
0.110452
0.110244
0.110075
0.109893
0.109678
0.109412
0.10908
0.108668
0.108166
0.107559
0.106838
0.105991
0.105007
0.103878
0.102598
0.101162
0.0995711
0.0978268
0.0959353
0.0939062
0.0917517
0.0894872
0.0871299
0.0846991
0.0822151
0.0796986
0.0771705
0.0746509
0.0721588
0.0697118
0.0673258
0.0650146
0.0627901
0.0606623
0.058639
0.0567267
0.0549299
0.0532521
0.0516955
0.0502614
0.0489502
0.047762
0.0466962
0.045752
0.0449283
0.0442239
0.0436376
0.0431679
0.0428135
0.0425732
0.0424458
0.04243
0.0425251
0.04273
0.0430442
0.0434672
0.0439989
0.0446393
0.0453889
0.0462486
0.0472195
0.0483035
0.0495024
0.0508188
0.0522556
0.0538156
0.0555019
0.057317
0.0592627
0.0613393
0.0635449
0.0658745
0.0683189
0.0708636
0.0734877
0.0761631
0.0788539
0.0815171
0.0841036
0.086561
0.0888365
0.0908821
0.0926589
0.0941415
0.095321
0.0962057
0.0968197
0.0971993
0.097388
0.0974312
0.0973716
0.0972467
0.0970869
0.0969155
0.0967495
0.096601
0.0964787
0.0963872
0.0963266
0.110414
0.11007
0.109854
0.109675
0.109479
0.109243
0.108948
0.108577
0.108117
0.107554
0.106876
0.10607
0.105127
0.104034
0.102786
0.101376
0.0998027
0.0980669
0.0961735
0.094131
0.0919511
0.0896488
0.0872415
0.0847488
0.0821918
0.0795923
0.0769722
0.074353
0.0717551
0.0691974
0.0666971
0.064269
0.061926
0.0596789
0.0575361
0.0555045
0.0535889
0.051793
0.0501189
0.0485679
0.0471404
0.0458363
0.0446548
0.043595
0.0426556
0.0418354
0.0411327
0.0405463
0.0400747
0.0397164
0.0394701
0.0393346
0.0393088
0.0393916
0.0395822
0.0398799
0.0402843
0.040795
0.0414123
0.0421364
0.0429681
0.0439087
0.0449599
0.0461237
0.0474031
0.048801
0.0503213
0.0519678
0.0537444
0.055655
0.0577023
0.0598877
0.0622101
0.0646651
0.0672432
0.069929
0.0726995
0.0755233
0.0783601
0.081161
0.0838705
0.0864293
0.0887789
0.0908671
0.0926535
0.0941145
0.0952459
0.0960636
0.0966004
0.0969011
0.0970164
0.0969966
0.0968875
0.0967272
0.0965453
0.096364
0.0961986
0.0960602
0.0959542
0.0958801
0.109952
0.109598
0.109375
0.109186
0.108975
0.108716
0.10839
0.107978
0.107467
0.106841
0.106089
0.105197
0.104155
0.102953
0.101584
0.100045
0.0983349
0.0964573
0.0944193
0.0922317
0.0899087
0.0874677
0.0849285
0.0823126
0.0796427
0.0769419
0.0742331
0.0715379
0.0688768
0.0662683
0.0637286
0.0612716
0.0589091
0.0566503
0.0545025
0.0524711
0.0505597
0.0487709
0.0471058
0.0455647
0.0441475
0.0428532
0.0416808
0.0406289
0.0396959
0.0388804
0.0381808
0.0375956
0.0371232
0.0367622
0.0365113
0.0363694
0.0363352
0.0364078
0.0365862
0.0368699
0.0372582
0.0377508
0.0383478
0.0390494
0.0398563
0.0407695
0.0417905
0.0429216
0.0441653
0.0455249
0.0470044
0.0486082
0.0503411
0.0522082
0.0542142
0.0563631
0.0586572
0.0610962
0.0636758
0.0663862
0.0692106
0.0721235
0.0750893
0.0780624
0.0809874
0.0838014
0.0864382
0.0888336
0.0909323
0.0926941
0.0940995
0.0951519
0.0958767
0.0963171
0.0965268
0.0965633
0.0964809
0.0963264
0.0961373
0.0959415
0.0957589
0.0956033
0.0954814
0.0953916
0.109393
0.109033
0.108804
0.108605
0.108377
0.108095
0.107736
0.107282
0.106717
0.106027
0.105199
0.104219
0.103077
0.101765
0.100277
0.098611
0.0967677
0.0947531
0.0925766
0.0902516
0.0877948
0.0852259
0.0825668
0.0798408
0.0770721
0.0742847
0.0715019
0.0687455
0.0660356
0.0633899
0.0608237
0.0583496
0.055978
0.0537168
0.0515719
0.0495475
0.047646
0.0458688
0.0442163
0.042688
0.0412831
0.0400003
0.0388382
0.037795
0.0368691
0.036059
0.0353629
0.0347793
0.0343067
0.0339438
0.0336893
0.033542
0.0335008
0.0335647
0.0337328
0.0340045
0.0343791
0.0348563
0.035436
0.0361182
0.0369035
0.0377926
0.038787
0.0398885
0.0410995
0.0424231
0.0438634
0.0454247
0.0471123
0.0489321
0.0508899
0.0529917
0.0552425
0.0576455
0.060201
0.0629047
0.0657462
0.0687065
0.0717569
0.0748571
0.0779549
0.0809873
0.0838838
0.0865709
0.0889796
0.0910528
0.0927532
0.0940683
0.0950119
0.0956211
0.0959503
0.0960624
0.09602
0.0958796
0.0956875
0.0954789
0.0952788
0.0951051
0.0949656
0.0948581
0.108737
0.108374
0.108139
0.10793
0.107686
0.107379
0.106986
0.106488
0.105869
0.105113
0.104207
0.103139
0.101899
0.100478
0.0988734
0.0970832
0.0951115
0.0929661
0.0906589
0.0882058
0.0856258
0.0829409
0.0801748
0.0773525
0.0744992
0.0716397
0.0687973
0.0659938
0.0632484
0.0605779
0.0579964
0.0555152
0.0531432
0.0508871
0.0487514
0.0467389
0.0448512
0.0430887
0.041451
0.0399371
0.0385455
0.0372748
0.0361232
0.0350889
0.0341701
0.0333651
0.0326725
0.0320906
0.031618
0.0312535
0.0309959
0.0308439
0.0307966
0.0308531
0.0310124
0.0312739
0.031637
0.0321011
0.0326661
0.033332
0.0340989
0.0349675
0.0359388
0.0370145
0.0381965
0.0394878
0.0408919
0.0424131
0.0440567
0.0458287
0.0477358
0.049785
0.0519832
0.0543365
0.0568489
0.0595211
0.0623487
0.0653198
0.068413
0.0715953
0.0748203
0.0780285
0.0811484
0.084101
0.0868061
0.0891909
0.0911993
0.0927999
0.0939907
0.0947985
0.0952742
0.0954836
0.0954972
0.0953811
0.0951916
0.0949724
0.0947553
0.0945625
0.094404
0.0942766
0.107984
0.10762
0.107381
0.107162
0.1069
0.106567
0.10614
0.105597
0.104923
0.104101
0.103119
0.101964
0.100626
0.0990993
0.097381
0.095472
0.0933782
0.0911097
0.0886809
0.08611
0.0834184
0.08063
0.0777703
0.0748656
0.0719419
0.0690242
0.0661359
0.0632981
0.0605291
0.0578446
0.0552574
0.0527774
0.0504122
0.0481669
0.0460448
0.0440479
0.0421765
0.0404304
0.0388086
0.0373095
0.0359315
0.0346727
0.0335313
0.0325053
0.031593
0.0307928
0.0301032
0.0295227
0.02905
0.0286839
0.0284233
0.0282672
0.0282145
0.0282644
0.0284161
0.0286689
0.0290221
0.0294753
0.030028
0.0306801
0.0314317
0.0322831
0.033235
0.0342887
0.0354458
0.0367088
0.0380807
0.0395656
0.0411683
0.0428948
0.0447517
0.0467468
0.0488881
0.0511835
0.05364
0.0562626
0.0590521
0.0620033
0.0651025
0.0683249
0.0716319
0.0749702
0.0782712
0.0814542
0.0844316
0.0871172
0.0894368
0.0913385
0.0928007
0.0938355
0.0944856
0.0948164
0.0949041
0.0948246
0.0946449
0.0944184
0.094185
0.0939725
0.0937937
0.0936441
0.107134
0.106773
0.10653
0.106302
0.106023
0.105664
0.105201
0.104613
0.103884
0.102997
0.101939
0.100698
0.0992661
0.0976373
0.0958105
0.093789
0.0915806
0.0891978
0.0866574
0.0839799
0.0811888
0.0783099
0.0753701
0.0723967
0.0694161
0.0664534
0.0635316
0.060671
0.057889
0.0551998
0.0526148
0.0501427
0.0477895
0.0455592
0.043454
0.0414748
0.0396212
0.0378923
0.0362865
0.0348021
0.0334371
0.0321895
0.0310574
0.030039
0.0291324
0.0283362
0.027649
0.0270694
0.0265962
0.0262284
0.0259648
0.0258047
0.0257471
0.0257912
0.0259362
0.0261815
0.0265263
0.0269701
0.0275125
0.0281532
0.0288921
0.0297292
0.0306651
0.0317004
0.0328366
0.0340755
0.0354197
0.0368726
0.0384387
0.0401233
0.0419329
0.0438754
0.0459591
0.0481932
0.0505868
0.0531478
0.0558816
0.0587889
0.0618635
0.0650889
0.0684356
0.0718584
0.0752951
0.0786671
0.0818837
0.0848489
0.0874725
0.0896818
0.0914335
0.0927203
0.0935723
0.0940497
0.0942319
0.0942034
0.0940423
0.0938131
0.0935648
0.0933324
0.0931318
0.0929579
0.106192
0.105837
0.105592
0.105354
0.105057
0.104672
0.104174
0.103542
0.102758
0.101807
0.100675
0.0993516
0.0978289
0.0961027
0.0941735
0.0920466
0.0897321
0.0872447
0.0846034
0.0818311
0.078953
0.0759966
0.0729898
0.0699607
0.0669359
0.0639404
0.0609963
0.0581231
0.0553369
0.0526506
0.0500743
0.0476152
0.045278
0.0430656
0.0409792
0.0390188
0.0371834
0.0354716
0.0338815
0.032411
0.0310581
0.0298207
0.0286969
0.0276849
0.0267831
0.0259901
0.0253045
0.0247252
0.0242511
0.0238813
0.0236148
0.0234508
0.0233886
0.0234273
0.0235663
0.0238049
0.0241424
0.0245783
0.0251121
0.0257432
0.0264716
0.027297
0.0282196
0.02924
0.0303588
0.0315776
0.0328984
0.034324
0.0358581
0.0375054
0.0392721
0.0411654
0.0431937
0.0453667
0.0476946
0.0501876
0.0528543
0.0557005
0.0587264
0.0619239
0.0652726
0.0687371
0.0722638
0.07578
0.079196
0.0824104
0.0853202
0.087834
0.0898853
0.0914445
0.0925236
0.0931732
0.0934719
0.0935107
0.0933787
0.0931524
0.0928915
0.0926393
0.0924159
0.0922156
0.105162
0.104815
0.10457
0.104322
0.104008
0.103597
0.103065
0.102389
0.101552
0.100538
0.0993358
0.0979335
0.0963247
0.094507
0.0924824
0.0902582
0.0878467
0.085265
0.0825341
0.0796787
0.0767261
0.0737047
0.0706436
0.0675711
0.0645138
0.0614962
0.0585397
0.0556625
0.0528795
0.0502024
0.0476396
0.0451972
0.0428788
0.040686
0.0386194
0.0366781
0.0348608
0.0331655
0.0315902
0.0301326
0.0287906
0.0275622
0.0264455
0.0254389
0.0245408
0.0237501
0.0230654
0.0224858
0.0220104
0.0216382
0.0213686
0.0212008
0.0211341
0.0211679
0.0213014
0.021534
0.0218651
0.0222941
0.0228205
0.0234437
0.0241633
0.0249791
0.0258909
0.0268989
0.0280037
0.029206
0.0305074
0.0319099
0.0334168
0.0350319
0.0367605
0.0386093
0.0405862
0.0427008
0.0449638
0.0473864
0.04998
0.0527539
0.0557139
0.0588592
0.0621784
0.0656463
0.0692196
0.0728344
0.0764058
0.0798319
0.0830012
0.0858062
0.0881583
0.0900033
0.0913311
0.0921774
0.0926152
0.0927393
0.0926487
0.0924323
0.092162
0.0918906
0.0916435
0.0914148
0.104051
0.103716
0.10347
0.103214
0.102884
0.102448
0.101881
0.101162
0.100274
0.0992016
0.0979315
0.0964546
0.0947653
0.0928624
0.09075
0.0884373
0.0859386
0.083273
0.0804637
0.0775372
0.074522
0.0714478
0.0683441
0.0652395
0.0621602
0.0591301
0.0561695
0.0532956
0.0505219
0.0478586
0.0453131
0.04289
0.0405919
0.0384198
0.0363731
0.0344507
0.0326507
0.030971
0.0294092
0.0279633
0.0266309
0.0254103
0.0242995
0.0232972
0.022402
0.0216127
0.0209282
0.0203478
0.0198706
0.0194959
0.0192231
0.0190514
0.0189804
0.0190094
0.0191378
0.019365
0.0196904
0.0201133
0.0206333
0.0212496
0.0219619
0.0227697
0.0236726
0.0246707
0.0257639
0.0269528
0.0282382
0.0296218
0.0311058
0.0326934
0.0343891
0.0361986
0.0381292
0.0401898
0.0423909
0.0447444
0.0472629
0.0499586
0.0528414
0.0559167
0.0591815
0.0626204
0.0662012
0.0698706
0.0735523
0.0771477
0.0805421
0.0836158
0.0862605
0.0883969
0.0899898
0.0910549
0.0916543
0.0918828
0.0918472
0.0916492
0.0913734
0.0910841
0.0908128
0.0905537
0.102866
0.102545
0.102302
0.102038
0.101691
0.101231
0.100631
0.0998723
0.0989356
0.0978065
0.0964731
0.0949266
0.0931628
0.0911819
0.0889898
0.0865976
0.0840215
0.0812828
0.0784063
0.0754201
0.0723539
0.0692381
0.0661027
0.0629761
0.0598841
0.0568496
0.0538921
0.0510273
0.0482675
0.0456217
0.0430959
0.0406937
0.0384169
0.0362654
0.0342384
0.0323342
0.0305505
0.0288851
0.0273358
0.0259001
0.0245762
0.023362
0.0222562
0.0212572
0.0203639
0.0195752
0.0188904
0.0183087
0.0178295
0.017452
0.0171758
0.0170004
0.0169252
0.0169497
0.0170732
0.0172954
0.0176155
0.018033
0.0185472
0.0191576
0.0198636
0.0206647
0.0215602
0.02255
0.0236338
0.0248117
0.0260842
0.0274522
0.0289173
0.0304819
0.0321496
0.033925
0.0358147
0.0378265
0.0399705
0.0422583
0.0447031
0.0473187
0.0501182
0.0531119
0.0563037
0.0596875
0.0632421
0.0669261
0.0706739
0.0743943
0.0779739
0.081286
0.084206
0.0866308
0.0884985
0.0898004
0.0905827
0.090935
0.0909696
0.0907995
0.0905233
0.0902179
0.0899222
0.0896309
0.101617
0.101313
0.101072
0.100802
0.10044
0.0999565
0.0993263
0.0985286
0.0975461
0.0963644
0.0949722
0.0933617
0.0915299
0.0894785
0.0872151
0.0847526
0.0821092
0.0793078
0.076375
0.07334
0.0702335
0.0670866
0.0639293
0.0607896
0.0576928
0.0546609
0.0517122
0.0488612
0.0461188
0.043493
0.0409885
0.0386081
0.0363526
0.0342216
0.0322135
0.0303263
0.0285578
0.0269056
0.0253673
0.0239407
0.0226239
0.0214152
0.0203132
0.0193167
0.0184246
0.0176361
0.0169504
0.0163671
0.0158855
0.0155051
0.0152256
0.0150464
0.0149671
0.0149872
0.0151062
0.0153236
0.0156388
0.0160513
0.0165604
0.0171655
0.017866
0.0186612
0.0195504
0.0205333
0.0216093
0.0227783
0.0240401
0.0253953
0.0268449
0.0283903
0.0300344
0.0317808
0.0336348
0.0356035
0.0376958
0.0399228
0.0422975
0.0448345
0.0475488
0.0504542
0.0535605
0.0568696
0.0603706
0.064034
0.0678068
0.0716081
0.0753301
0.0788441
0.0820139
0.0847157
0.0868604
0.0884122
0.089396
0.0898913
0.0900117
0.0898803
0.0896097
0.0892907
0.0889708
0.0886459
0.100313
0.100029
0.0997927
0.0995163
0.0991407
0.0986355
0.0979763
0.0971425
0.0961175
0.0948872
0.0934412
0.0917726
0.0898795
0.0877653
0.0854391
0.0829156
0.0802147
0.0773608
0.0743819
0.0713083
0.0681716
0.0650029
0.0618323
0.0586873
0.0555926
0.052569
0.0496336
0.0467998
0.0440774
0.0414731
0.0389909
0.0366324
0.034398
0.0322866
0.0302965
0.0284253
0.0266707
0.0250303
0.0235017
0.022083
0.0207723
0.0195681
0.0184691
0.0174743
0.0165828
0.015794
0.0151071
0.0145219
0.0140378
0.0136545
0.0133716
0.0131887
0.0131054
0.0131214
0.013236
0.013449
0.0137596
0.0141674
0.0146718
0.015272
0.0159675
0.0167575
0.0176413
0.0186182
0.0196876
0.020849
0.0221021
0.0234468
0.0248834
0.026413
0.0280373
0.0297591
0.0315826
0.0335136
0.03556
0.0377319
0.0400415
0.0425035
0.0451338
0.0479486
0.050962
0.0541826
0.0576087
0.0612225
0.0649837
0.0688239
0.0726448
0.0763204
0.0797081
0.0826672
0.0850834
0.0868918
0.0880922
0.0887483
0.0889704
0.0888893
0.0886314
0.0883019
0.0879584
0.0875986
0.0989664
0.0987034
0.0984731
0.0981921
0.097804
0.0972789
0.0965928
0.0957258
0.0946617
0.0933873
0.0918926
0.0901719
0.0882246
0.0860554
0.0836749
0.0810994
0.0783503
0.0754536
0.0724384
0.0693357
0.0661777
0.0629956
0.0598192
0.0566756
0.0535884
0.0505776
0.0476591
0.0448451
0.0421444
0.0395625
0.0371027
0.0347659
0.0325519
0.0304593
0.0284859
0.0266295
0.0248875
0.0232576
0.0217377
0.0203257
0.0190201
0.0178196
0.0167229
0.0157293
0.0148379
0.0140484
0.0133602
0.0127729
0.0122863
0.0119
0.0116138
0.0114273
0.0113402
0.0113522
0.0114627
0.0116714
0.0119777
0.0123811
0.012881
0.0134768
0.0141676
0.0149528
0.0158317
0.0168033
0.017867
0.0190219
0.0202675
0.0216034
0.0230294
0.0245457
0.0261535
0.0278546
0.0296521
0.0315506
0.0335567
0.0356793
0.0379296
0.0403216
0.0428714
0.0455965
0.048514
0.0516376
0.0549735
0.0585144
0.0622328
0.066074
0.0699516
0.0737466
0.0773153
0.0805053
0.0831796
0.0852449
0.0866723
0.0875046
0.0878439
0.0878253
0.0875877
0.0872517
0.0868857
0.0864901
0.0975875
0.0973478
0.0971247
0.0968404
0.0964413
0.0958982
0.0951877
0.0942905
0.0931911
0.091877
0.090339
0.0885725
0.0865779
0.0843613
0.0819348
0.079316
0.0765279
0.0735974
0.0705547
0.0674315
0.0642602
0.061072
0.0578963
0.0547595
0.0516844
0.0486899
0.0457908
0.0429984
0.0403202
0.0377611
0.0353235
0.0330078
0.0308133
0.0287383
0.0267805
0.0249375
0.0232069
0.0215865
0.0200741
0.018668
0.0173667
0.016169
0.0150741
0.0140812
0.0131897
0.0123992
0.0117094
0.0111201
0.010631
0.0102418
0.00995241
0.0097625
0.00967178
0.00967993
0.00978655
0.00999123
0.0102935
0.0106927
0.0111884
0.0117799
0.0124664
0.0132472
0.0141214
0.0150882
0.0161467
0.0172959
0.0185351
0.0198634
0.0212803
0.0227855
0.0243794
0.026063
0.0278383
0.0297089
0.03168
0.0337591
0.0359561
0.038284
0.0407583
0.0433968
0.0462186
0.0492411
0.0524768
0.0559276
0.0595778
0.0633868
0.0672817
0.0711544
0.0748646
0.0782533
0.0811657
0.0834812
0.0851405
0.0861612
0.0866322
0.0866883
0.0864793
0.0861411
0.0857543
0.0853223
0.0961883
0.0959736
0.095759
0.0954729
0.0950646
0.0945055
0.093773
0.0928489
0.091718
0.0903688
0.0887929
0.0869867
0.0849517
0.0826952
0.0802307
0.077577
0.0747582
0.0718023
0.0687402
0.0656042
0.0624266
0.0592385
0.056069
0.0529435
0.049884
0.0469084
0.0440305
0.0412606
0.0386054
0.0360689
0.0336529
0.0313574
0.0291813
0.0271227
0.0251792
0.0233485
0.0216282
0.0200161
0.0185103
0.0171092
0.0158115
0.0146162
0.0135226
0.01253
0.0116382
0.0108466
0.0101552
0.00956384
0.00907226
0.00868035
0.00838792
0.00819476
0.00810063
0.00810521
0.00820815
0.00840904
0.00870742
0.00910274
0.00959444
0.0101818
0.0108642
0.0116408
0.0125107
0.013473
0.0145267
0.0156707
0.0169041
0.0182257
0.0196348
0.0211305
0.0227125
0.0243813
0.0261378
0.0279845
0.0299253
0.0319662
0.0341158
0.0363856
0.0387902
0.0413471
0.0440759
0.0469967
0.0501266
0.0534752
0.0570377
0.0607866
0.0646638
0.0685741
0.0723853
0.0759371
0.0790615
0.0816137
0.0835042
0.0847218
0.0853368
0.0854795
0.0853078
0.0849726
0.0845669
0.0840984
0.0947807
0.0945924
0.0943877
0.0941012
0.0936854
0.0931125
0.0923609
0.0914129
0.0902546
0.0888749
0.0872665
0.0854266
0.0833579
0.0810687
0.0785737
0.0758928
0.0730511
0.0700775
0.0670034
0.0638612
0.0606834
0.0575008
0.0543418
0.0512311
0.0481899
0.0452351
0.0423795
0.0396325
0.0370002
0.0344858
0.0320905
0.0298142
0.0276553
0.0256119
0.0236816
0.021862
0.0201508
0.0185461
0.017046
0.0156492
0.0143546
0.0131612
0.0120686
0.0110761
0.0101837
0.00939103
0.00869805
0.00810465
0.00761074
0.00721622
0.00692096
0.00672478
0.00662746
0.00662872
0.00672823
0.00692558
0.00722033
0.00761196
0.00809987
0.00868343
0.00936188
0.0101344
0.0110002
0.0119582
0.0130074
0.0141466
0.0153746
0.0166903
0.0180923
0.0195797
0.0211516
0.0228076
0.0245479
0.0263741
0.0282886
0.0302963
0.032404
0.0346218
0.0369629
0.0394438
0.0420841
0.0449052
0.0479275
0.0511667
0.0546271
0.0582937
0.0621229
0.0660342
0.0699068
0.0735838
0.0768896
0.0796593
0.0817742
0.0831927
0.0839615
0.084202
0.0840763
0.0837494
0.0833274
0.0828226
0.0933764
0.0932157
0.0930221
0.0927368
0.0923154
0.0917311
0.090963
0.0899945
0.0888126
0.0874071
0.0857714
0.0839037
0.0818076
0.0794926
0.0769742
0.0742733
0.0714159
0.0684314
0.0653516
0.0622092
0.0590364
0.0558637
0.0527187
0.0496256
0.0466045
0.0436716
0.0408389
0.0381148
0.0355048
0.0330117
0.0306362
0.0283778
0.0262349
0.0242055
0.0222871
0.0204775
0.0187746
0.0171764
0.0156813
0.0142883
0.0129961
0.0118043
0.0107123
0.00971986
0.00882678
0.00803299
0.00733846
0.00674316
0.00624707
0.00585013
0.00555224
0.00535328
0.00525302
0.00525122
0.00534755
0.00554163
0.00583302
0.00622119
0.00670557
0.00728549
0.00796023
0.00872897
0.0095908
0.0105447
0.0115896
0.0127242
0.0139473
0.0152574
0.0166531
0.018133
0.0196959
0.0213408
0.0230672
0.0248756
0.0267675
0.0287461
0.0308171
0.0329886
0.0352722
0.0376833
0.0402407
0.0429659
0.0458817
0.0490081
0.052357
0.0559243
0.0596804
0.0635603
0.0674567
0.0712207
0.0746743
0.0776373
0.0799645
0.0815829
0.0825125
0.0828602
0.0827891
0.0824762
0.0820408
0.0815005
0.091987
0.0918547
0.0916736
0.0913909
0.0909659
0.0903725
0.0895907
0.0886051
0.0874035
0.0859765
0.0843186
0.0824288
0.0803114
0.0779769
0.0754416
0.0727274
0.0698608
0.0668715
0.0637917
0.0606541
0.0574906
0.0543312
0.051203
0.0481294
0.0451298
0.0422194
0.0394095
0.036708
0.0341196
0.0316467
0.0292898
0.0270482
0.0249201
0.0229034
0.0209958
0.0191952
0.0174996
0.0159071
0.0144164
0.0130265
0.0117365
0.0105459
0.0094544
0.00846179
0.00756803
0.00677312
0.00607711
0.00548003
0.00498191
0.00458274
0.00428246
0.00408094
0.00397801
0.00397342
0.00406686
0.00425796
0.00454625
0.00493125
0.00541235
0.00598891
0.00666017
0.00742531
0.00828341
0.00923343
0.0102742
0.0114045
0.0126229
0.0139278
0.0153177
0.0167909
0.0183457
0.0199808
0.021695
0.0234879
0.0253601
0.0273134
0.029352
0.0314825
0.0337147
0.0360622
0.0385427
0.0411773
0.0439898
0.047003
0.050235
0.053691
0.0573542
0.0611748
0.0650609
0.0688748
0.072441
0.0755692
0.0780915
0.0799043
0.080998
0.0814607
0.0814522
0.081159
0.0807135
0.0801388
0.0906236
0.0905203
0.0903527
0.0900744
0.0896477
0.0890475
0.0882549
0.0872554
0.0860378
0.0845938
0.0829185
0.0810118
0.0788788
0.0765308
0.0739848
0.0712632
0.068393
0.0654044
0.0623295
0.0592009
0.0560502
0.052907
0.0497977
0.046745
0.0437674
0.0408796
0.0380923
0.0354125
0.0328448
0.030391
0.0280515
0.0258253
0.0237107
0.0217056
0.0198078
0.0180153
0.016326
0.0147386
0.0132517
0.0118645
0.0105762
0.00938661
0.0082954
0.00730253
0.00640805
0.00561205
0.00491464
0.00431591
0.00381593
0.00341472
0.00311226
0.00290844
0.00280309
0.00279599
0.00288684
0.00307524
0.00336076
0.00374288
0.00422101
0.00479449
0.00546256
0.00622438
0.00707901
0.00802538
0.00906233
0.0101885
0.0114025
0.0127026
0.0140871
0.0155541
0.0171016
0.018728
0.0204314
0.0222107
0.0240655
0.0259968
0.0280069
0.0301011
0.0322873
0.0345774
0.0369873
0.0395373
0.042251
0.0451533
0.0482664
0.0516033
0.0551586
0.0588971
0.0627428
0.0665717
0.070215
0.0734779
0.076174
0.078171
0.0794286
0.0800119
0.0800729
0.0798053
0.079353
0.0787455
0.0892967
0.0892224
0.0890696
0.0887971
0.0883709
0.0877663
0.0869656
0.0859555
0.0847256
0.0832686
0.0815806
0.079662
0.0775187
0.0751627
0.0726114
0.0698879
0.0670192
0.064036
0.0609701
0.057854
0.054719
0.0515942
0.0485052
0.0454741
0.0425189
0.0396535
0.036888
0.0342292
0.0316809
0.029245
0.0269216
0.0247095
0.0226072
0.0206125
0.0187234
0.016938
0.0152544
0.0136713
0.0121877
0.0108027
0.00951591
0.00832701
0.00723593
0.00624272
0.00534749
0.00455042
0.00385168
0.0032514
0.00274971
0.00234664
0.0020422
0.00183632
0.00172883
0.00171951
0.00180805
0.00199408
0.00227715
0.00265673
0.00313224
0.00370298
0.00436819
0.00512702
0.0059785
0.00692156
0.00795497
0.00907737
0.0102872
0.0115828
0.0129623
0.0144236
0.0159646
0.017583
0.0192768
0.0210441
0.0228838
0.0247955
0.0267807
0.0288428
0.030988
0.0332264
0.0355721
0.0380437
0.0406643
0.0434596
0.0464546
0.0496683
0.0531052
0.0567435
0.0605229
0.0643349
0.0680212
0.0713869
0.0742323
0.0763994
0.0778168
0.0785238
0.0786603
0.0784235
0.0779682
0.0773299
0.0880149
0.0879711
0.0878335
0.0875684
0.0871447
0.0865382
0.0857322
0.0847146
0.083476
0.08201
0.0803135
0.0783876
0.076239
0.07388
0.0713284
0.0686077
0.0657452
0.0627713
0.059718
0.0566174
0.0535004
0.0503954
0.0473277
0.0443187
0.0413857
0.0385421
0.0357976
0.0331585
0.0306285
0.0282091
0.0259003
0.0237011
0.0216099
0.0196245
0.0177431
0.0159639
0.0142852
0.0127059
0.011225
0.00984186
0.00855616
0.00736774
0.00627663
0.00528297
0.00438695
0.00358882
0.00288879
0.00228706
0.00178377
0.00137901
0.0010728
0.000865076
0.000755688
0.000744419
0.000830968
0.00101495
0.00129592
0.00167334
0.0021466
0.00271499
0.00337775
0.00413399
0.00498272
0.00592284
0.00695311
0.00807211
0.00927826
0.0105698
0.0119447
0.0134008
0.0149358
0.0165471
0.0182323
0.0199889
0.0218151
0.0237098
0.0256729
0.0277066
0.0298155
0.0320075
0.0342949
0.0366946
0.0392283
0.0419215
0.0448013
0.0478909
0.0512028
0.0547272
0.0584191
0.0621861
0.0658831
0.0693196
0.0722877
0.0746074
0.0761772
0.0770083
0.0772248
0.0770238
0.076569
0.0759023
0.0867885
0.0867743
0.0866524
0.0863966
0.0859776
0.0853716
0.084563
0.0835409
0.082297
0.0808258
0.0791249
0.0771962
0.0750467
0.0726892
0.070142
0.0674284
0.0645759
0.061615
0.0585772
0.0554944
0.0523971
0.0493131
0.0462672
0.0432802
0.040369
0.0375464
0.0348218
0.0322012
0.029688
0.0272838
0.0249884
0.0228007
0.0207193
0.0187422
0.0168675
0.0150936
0.0134192
0.011843
0.0103643
0.00898256
0.00769763
0.00650944
0.00541812
0.00442387
0.00352699
0.00272777
0.00202648
0.00142336
0.00091858
0.000512248
0.000204426
-4.93662e-06
-0.000115976
-0.000128915
-4.40521e-05
0.000138231
0.000417468
0.000793115
0.00126454
0.00183103
0.00249179
0.0032459
0.00409237
0.00503004
0.00605764
0.00717373
0.00837666
0.0096646
0.0110355
0.012487
0.0140166
0.0156215
0.017299
0.0190462
0.0208606
0.0227401
0.0246838
0.0266924
0.0287689
0.0309195
0.0331543
0.0354883
0.0379415
0.0405387
0.0433075
0.0462744
0.0494581
0.0528591
0.0564466
0.0601446
0.0638228
0.0672991
0.070362
0.0728141
0.0745257
0.0754788
0.075778
0.0756171
0.0751665
0.074474
0.0856248
0.0856399
0.0855346
0.0852884
0.0848774
0.0842737
0.0834654
0.0824419
0.081196
0.0797231
0.0780216
0.0760941
0.0739479
0.0715961
0.0690572
0.0663546
0.0635157
0.0605706
0.0575509
0.0544879
0.0514115
0.0483493
0.0453253
0.0423601
0.03947
0.0366675
0.0339616
0.0313581
0.0288604
0.0264698
0.0241864
0.022009
0.0199362
0.0179662
0.0160973
0.0143279
0.0126569
0.0110832
0.00960618
0.00822548
0.00694097
0.00575274
0.00466098
0.00366599
0.00276812
0.00196775
0.00126517
0.000660696
0.000154458
-0.00025334
-0.000562628
-0.000773449
-0.000885917
-0.00090026
-0.000816777
-0.000635854
-0.000357964
1.63313e-05
0.000486384
0.00105146
0.00171073
0.00246326
0.00330801
0.00424381
0.00526933
0.00638309
0.00758341
0.00886837
0.0102358
0.0116834
0.0132083
0.0148077
0.0164785
0.0182174
0.0200213
0.0218875
0.0238141
0.0258006
0.0278484
0.0299619
0.0321494
0.0344237
0.0368029
0.0393104
0.0419736
0.044821
0.047876
0.0511478
0.0546183
0.0582273
0.0618605
0.0653472
0.068477
0.0710393
0.0728794
0.0739498
0.0743331
0.0742157
0.0737727
0.0730573
0.0845306
0.0845742
0.0844865
0.0842527
0.0838485
0.0832508
0.0824456
0.0814237
0.0801789
0.0787078
0.0770094
0.0750867
0.0729477
0.0706055
0.0680786
0.0653904
0.0625681
0.0596416
0.056642
0.0536002
0.0505458
0.0475057
0.0445037
0.0415598
0.0386899
0.0359063
0.0332178
0.03063
0.0281463
0.025768
0.0234951
0.0213266
0.0192612
0.0172973
0.0154331
0.0136675
0.0119992
0.0104273
0.00895143
0.00757127
0.00628679
0.00509818
0.00400571
0.00300978
0.00211078
0.00130913
0.000605212
-5.86381e-07
-0.000508325
-0.000917529
-0.00122818
-0.00144029
-0.001554
-0.0015695
-0.00148709
-0.00130718
-0.00103024
-0.00065685
-0.000187689
0.000376501
0.00103486
0.00178641
0.00263009
0.00356467
0.00458881
0.00570096
0.00689937
0.0081821
0.0095469
0.0109913
0.0125124
0.0141071
0.0157721
0.0175038
0.0192987
0.0211533
0.0230649
0.0250318
0.0270543
0.0291349
0.0312799
0.0335002
0.0358116
0.038236
0.0407998
0.0435323
0.0464604
0.0496001
0.0529446
0.0564487
0.0600143
0.0634845
0.0666537
0.0693033
0.0712564
0.0724372
0.0729039
0.0728326
0.0724004
0.071665
0.0835114
0.0835826
0.083513
0.0832926
0.0828986
0.0823087
0.0815091
0.0804915
0.0792511
0.0777849
0.076093
0.0741788
0.0720505
0.0697213
0.0672097
0.064539
0.0617361
0.0588304
0.0558527
0.0528335
0.0498017
0.046784
0.0438037
0.0408803
0.0380297
0.0352639
0.0325914
0.0300179
0.0275467
0.0251792
0.0229154
0.0207546
0.0186954
0.0167363
0.014876
0.0131131
0.0114467
0.00987606
0.00840072
0.00702058
0.00573571
0.00454634
0.00345285
0.00245569
0.00155533
0.000752229
4.68131e-05
-0.000560562
-0.00106966
-0.00148021
-0.00179214
-0.00200543
-0.00212018
-0.0021366
-0.00205499
-0.00187574
-0.00159935
-0.00122641
-0.000757622
-0.000193746
0.000464316
0.00121557
0.00205889
0.00299302
0.00401656
0.00512791
0.00632528
0.00760664
0.00896967
0.0104118
0.01193
0.0135211
0.0151814
0.0169072
0.0186943
0.0205389
0.0224375
0.0243874
0.0263875
0.0284389
0.0305461
0.0327176
0.0349674
0.0373152
0.0397861
0.0424093
0.0452138
0.0482213
0.0514343
0.0548212
0.0583004
0.0617298
0.0649126
0.0676258
0.069675
0.0709571
0.0715051
0.0714815
0.071063
0.0703107
0.082572
0.0826697
0.0826185
0.0824126
0.0820311
0.0814513
0.0806599
0.0796496
0.0784164
0.0769584
0.0752762
0.0733738
0.0712595
0.0689467
0.0664536
0.0638032
0.0610221
0.0581393
0.055185
0.0521893
0.0491808
0.0461855
0.0432265
0.040323
0.0374906
0.0347412
0.0320834
0.0295227
0.0270625
0.0247043
0.0224483
0.0202937
0.0182395
0.0162842
0.0144266
0.0126657
0.0110003
0.00943014
0.00795471
0.00657403
0.00528824
0.00409769
0.0030028
0.00200409
0.00110208
0.000297299
-0.000409795
-0.00101879
-0.00152939
-0.00194134
-0.00225451
-0.00246888
-0.00258453
-0.00260166
-0.00252057
-0.00234164
-0.0020654
-0.00169244
-0.00122347
-0.000659313
-8.72524e-07
0.000750805
0.00159456
0.00252908
0.00355291
0.00466441
0.00586171
0.00714271
0.00850501
0.00994592
0.0114624
0.0130509
0.0147078
0.0164289
0.0182098
0.020046
0.0219336
0.0238687
0.0258493
0.027875
0.0299484
0.0320763
0.0342702
0.0365478
0.0389325
0.0414526
0.0441385
0.0470155
0.0500943
0.0533554
0.0567328
0.0601005
0.0632725
0.0660263
0.0681536
0.0695264
0.070152
0.0701767
0.0697741
0.0690082
0.0817159
0.081839
0.0818062
0.0816161
0.0812488
0.0806815
0.0799011
0.078901
0.0776781
0.0762313
0.0745619
0.0726744
0.0705774
0.0682841
0.0658122
0.0631848
0.0604278
0.0575698
0.0546403
0.0516691
0.0486842
0.0457113
0.0427732
0.0398888
0.0370736
0.0343395
0.0316948
0.0291455
0.0266948
0.0243444
0.0220947
0.019945
0.0178945
0.0159418
0.014086
0.0123259
0.0106608
0.00909027
0.00761405
0.00623218
0.00494492
0.00375266
0.00265592
0.00165526
0.00075127
-5.54876e-05
-0.000764491
-0.0013753
-0.00188754
-0.00230095
-0.00261539
-0.00283079
-0.00294722
-0.00296488
-0.00288404
-0.00270511
-0.0024286
-0.00205514
-0.00158544
-0.00102035
-0.000360824
0.000392063
0.0012371
0.00217294
0.00319805
0.00431074
0.00550906
0.00679085
0.00815361
0.00959455
0.0111105
0.0126978
0.0143526
0.0160704
0.0178466
0.0196763
0.0215547
0.0234774
0.0254412
0.0274444
0.0294881
0.0315769
0.0337205
0.0359341
0.0382392
0.040663
0.0432358
0.045986
0.0489303
0.0520601
0.0553239
0.0586119
0.0617513
0.0645234
0.0667103
0.068162
0.06886
0.0689327
0.068548
0.0677713
0.0809456
0.0810925
0.0810783
0.080905
0.0805537
0.0800012
0.0792345
0.0782475
0.0770379
0.0756053
0.0739519
0.0720825
0.0700057
0.0677347
0.0652872
0.0626853
0.0599546
0.057123
0.0542198
0.0512739
0.048313
0.0453625
0.0424448
0.0395788
0.0367797
0.0340595
0.0314268
0.0288873
0.0264446
0.0241006
0.0218557
0.0197095
0.0176614
0.0157102
0.0138549
0.0120947
0.0104289
0.00885716
0.00737935
0.00599559
0.00470621
0.00351166
0.00241254
0.00140945
0.000503053
-0.000306041
-0.00101726
-0.00163011
-0.00214419
-0.00255921
-0.00287496
-0.00309139
-0.00320853
-0.00322654
-0.00314573
-0.00296647
-0.0026893
-0.00231483
-0.00184383
-0.00127716
-0.000615795
0.000139137
0.000986383
0.00192453
0.00295201
0.00406703
0.00526761
0.00655146
0.00791602
0.00935837
0.0108752
0.0124628
0.014117
0.0158332
0.0176064
0.0194312
0.0213025
0.0232151
0.0251647
0.0271485
0.0291662
0.0312205
0.0333189
0.0354746
0.0377067
0.0400409
0.0425071
0.0451352
0.0479468
0.0509425
0.054084
0.0572776
0.060365
0.0631346
0.0653627
0.0668804
0.0676446
0.067764
0.0673985
0.0666139
0.0802624
0.0804316
0.0804359
0.0802803
0.0799467
0.0794114
0.078661
0.0776901
0.0764968
0.0750816
0.0734473
0.071599
0.0695454
0.0672997
0.0648791
0.0623052
0.0596029
0.0567997
0.053924
0.0510043
0.0480679
0.0451398
0.0422422
0.0393938
0.03661
0.0339025
0.0312803
0.0287492
0.0263131
0.0239739
0.0217324
0.0195884
0.0175412
0.0155902
0.0137343
0.0119729
0.0103054
0.00873148
0.00725122
0.00586477
0.00457252
0.00337502
0.00227289
0.00126683
0.000357527
-0.00045434
-0.00116816
-0.00178336
-0.00229954
-0.00271634
-0.00303353
-0.00325101
-0.0033688
-0.00338706
-0.00330605
-0.00312616
-0.00284793
-0.00247198
-0.00199909
-0.00143015
-0.000766167
-8.31122e-06
0.000842117
0.00178365
0.00281465
0.00393327
0.00513742
0.00642474
0.00779258
0.00923789
0.0107573
0.0123468
0.0140021
0.0157184
0.0174904
0.0193124
0.0211786
0.0230833
0.0250214
0.026989
0.0289842
0.0310082
0.0330665
0.0351699
0.0373356
0.0395871
0.0419534
0.0444651
0.0471475
0.0500085
0.053022
0.0561096
0.0591282
0.0618761
0.0641275
0.065698
0.0665211
0.066685
0.0663398
0.0655499
0.0796666
0.0798564
0.0798789
0.0797418
0.0794277
0.0789118
0.0781806
0.0772286
0.0760548
0.0746602
0.073048
0.0712239
0.0691967
0.0669792
0.0645882
0.0620447
0.0593731
0.0565999
0.0537532
0.0508608
0.0479494
0.0450439
0.0421661
0.0393348
0.0365652
0.0338695
0.0312565
0.0287325
0.0263014
0.0239656
0.0217259
0.0195826
0.0175352
0.0155829
0.0137252
0.0119613
0.010291
0.00871392
0.00723023
0.00584019
0.00454426
0.00334302
0.00223719
0.0012275
0.000314715
-0.000500444
-0.00121731
-0.00183527
-0.00235385
-0.00277267
-0.00309146
-0.00331008
-0.00342852
-0.00344693
-0.00336554
-0.00318474
-0.00290506
-0.00252715
-0.00205178
-0.00147986
-0.000812458
-5.07617e-05
0.000803875
0.00174993
0.0027857
0.00390924
0.00511841
0.00641074
0.00778346
0.00923343
0.0107571
0.0123503
0.0140087
0.0157271
0.0174999
0.0193212
0.0211846
0.0230839
0.0250131
0.0269674
0.0289436
0.0309414
0.0329643
0.035021
0.0371265
0.0393022
0.0415756
0.0439774
0.0465352
0.0492631
0.0521454
0.0551182
0.0580541
0.0607628
0.0630204
0.0646303
0.0655043
0.0657099
0.0653852
0.0645924
0.0791577
0.0793663
0.0794066
0.0792886
0.0789954
0.0785012
0.0777919
0.0768621
0.0757108
0.07434
0.0727532
0.0709565
0.0689588
0.0667724
0.0644139
0.0619035
0.0592648
0.0565237
0.0537075
0.0508434
0.0479578
0.0450751
0.0422171
0.0394024
0.0366464
0.0339614
0.0313565
0.0288381
0.0264107
0.0240768
0.0218376
0.0196934
0.0176442
0.0156894
0.0138284
0.0120609
0.0103865
0.00880513
0.00731695
0.00592232
0.00462175
0.00341592
0.00230557
0.00129152
0.000374573
-0.000444484
-0.00116493
-0.0017861
-0.00230748
-0.00272862
-0.00304923
-0.00326912
-0.00338826
-0.00340676
-0.00332483
-0.00314287
-0.00286138
-0.00248102
-0.00200258
-0.00142698
-0.000755325
1.11618e-05
0.000871079
0.00182285
0.00286468
0.00399459
0.00521032
0.0065093
0.00788865
0.0093451
0.0108749
0.0124739
0.0141374
0.01586
0.0176358
0.0194586
0.0213217
0.0232181
0.0251412
0.0270853
0.0290459
0.0310214
0.0330136
0.035029
0.0370804
0.039187
0.0413747
0.0436734
0.0461123
0.0487101
0.0514603
0.0543121
0.0571539
0.0598084
0.0620561
0.063692
0.0646087
0.0648523
0.064548
0.0637543
0.0787342
0.0789596
0.0790171
0.0789188
0.0786479
0.0781775
0.0774929
0.0765883
0.075463
0.0741193
0.0725613
0.0707953
0.0688302
0.0666781
0.064355
0.0618804
0.0592772
0.0565704
0.0537864
0.0509521
0.0480932
0.0452339
0.0423958
0.0395974
0.0368545
0.0341793
0.0315813
0.0290674
0.0266423
0.0243088
0.0220685
0.0199221
0.0178695
0.0159107
0.0140451
0.0122725
0.0105927
0.00900578
0.00751192
0.00611157
0.00480532
0.0035939
0.00247813
0.00145887
0.000536993
-0.000286658
-0.0010113
-0.00163623
-0.00216086
-0.00258471
-0.00290742
-0.00312877
-0.0032487
-0.00326727
-0.0031847
-0.00300134
-0.00271769
-0.00233442
-0.00185231
-0.00127232
-0.000595569
0.000176685
0.00104299
0.00200171
0.00305099
0.00418877
0.00541268
0.00672006
0.00810791
0.00957282
0.0111109
0.0127178
0.0143886
0.0161177
0.017899
0.0197258
0.021591
0.0234872
0.0254071
0.0273441
0.0292927
0.0312498
0.0332156
0.0351948
0.037198
0.0392423
0.0413514
0.0435542
0.0458806
0.0483528
0.0509718
0.053699
0.0564377
0.0590249
0.061248
0.0628971
0.0638476
0.0641253
0.0638408
0.0630478
0.0783937
0.0786338
0.0787078
0.0786296
0.0783822
0.0779378
0.0772806
0.0764044
0.0753085
0.0739954
0.0724697
0.0707379
0.0688088
0.0666944
0.0644099
0.0619741
0.059409
0.0567388
0.0539893
0.0511864
0.0483554
0.0455203
0.0427024
0.0399204
0.0371901
0.0345241
0.0319322
0.0294216
0.0269974
0.024663
0.0224201
0.0202698
0.0182124
0.0162479
0.0143761
0.012597
0.0109104
0.00931651
0.00781566
0.00640835
0.00509524
0.00387713
0.00275491
0.00172949
0.000801806
-2.7237e-05
-0.000756799
-0.00138611
-0.00191454
-0.00234153
-0.00266669
-0.00288976
-0.00301062
-0.00302931
-0.002946
-0.00276105
-0.00247492
-0.00208829
-0.00160194
-0.00101685
-0.000334137
0.000444879
0.00131871
0.00228567
0.00334383
0.00449104
0.00572484
0.00704247
0.00844078
0.0099163
0.0114649
0.013082
0.0147625
0.0165006
0.0182899
0.0201234
0.0219935
0.0238923
0.025812
0.027745
0.029685
0.0316277
0.0335716
0.0355197
0.0374804
0.0394687
0.0415063
0.0436206
0.0458415
0.0481936
0.0506841
0.0532851
0.0559142
0.0584231
0.0606085
0.0622585
0.063234
0.0635412
0.0632754
0.0624844
0.0781332
0.078386
0.0784756
0.0784175
0.0781947
0.0777782
0.0771512
0.0763067
0.0752438
0.0739651
0.0724754
0.0707814
0.068892
0.0668187
0.0645762
0.0621825
0.0596586
0.0570278
0.0543149
0.0515454
0.048744
0.0459341
0.0431372
0.0403719
0.0376541
0.0349967
0.0324101
0.0299018
0.0274774
0.0251405
0.0228935
0.0207378
0.0186739
0.0167022
0.0148226
0.0130353
0.0113403
0.009738
0.00822871
0.00681305
0.00549178
0.00426575
0.00313592
0.00210326
0.00116878
0.000333442
-0.000401851
-0.00103627
-0.00156912
-0.00199979
-0.00232783
-0.00255293
-0.00267493
-0.00269382
-0.00260975
-0.00242303
-0.00213415
-0.00174372
-0.00125257
-0.000661655
2.78632e-05
0.000814651
0.00169717
0.00267368
0.0037422
0.00490047
0.00614595
0.00747577
0.00888664
0.0103749
0.0119363
0.0135661
0.0152589
0.0170087
0.0188087
0.0206517
0.0225296
0.0244341
0.0263567
0.0282891
0.0302241
0.0321562
0.0340825
0.0360044
0.0379283
0.039867
0.0418402
0.0438734
0.0459961
0.0482343
0.0506004
0.0530755
0.0555907
0.0580125
0.0601486
0.0617878
0.0627796
0.0631116
0.062863
0.062075
0.077949
0.0782122
0.0783165
0.0782784
0.0780811
0.0776944
0.0771002
0.0762907
0.0752644
0.074024
0.0725743
0.0709222
0.0690764
0.067048
0.0648512
0.0625031
0.0600237
0.0574353
0.054762
0.0520282
0.0492582
0.0464752
0.0437002
0.0409521
0.038247
0.0355981
0.0330162
0.0305093
0.0280835
0.0257429
0.0234903
0.0213275
0.0192554
0.0172747
0.0153856
0.0135884
0.0118834
0.0102709
0.00875159
0.00732607
0.00599517
0.00475985
0.00362111
0.00258002
0.00163763
0.000794972
5.30243e-05
-0.000587332
-0.00112532
-0.00156028
-0.0018917
-0.00211922
-0.00224263
-0.00226187
-0.00217705
-0.00198847
-0.00169656
-0.00130195
-0.000805448
-0.000208021
0.000489161
0.00128473
0.00217712
0.00316453
0.00424491
0.00541592
0.00667493
0.00801893
0.00944453
0.0109479
0.0125245
0.0141696
0.0158774
0.0176417
0.0194554
0.0213109
0.0231997
0.025113
0.0270418
0.0289771
0.0309107
0.0328361
0.0347493
0.0366498
0.0385424
0.0404377
0.0423533
0.044313
0.0463451
0.0484765
0.0507232
0.0530744
0.0554734
0.0578014
0.059878
0.0614959
0.0624956
0.0628474
0.0626142
0.0618294
0.0778367
0.0781082
0.0782261
0.0782078
0.0780366
0.0776812
0.0771225
0.0763512
0.0753655
0.0741673
0.0727618
0.0711558
0.0693578
0.0673786
0.0652316
0.062933
0.0605018
0.0579593
0.0553286
0.0526334
0.0498972
0.0471428
0.0443913
0.0416613
0.0389694
0.036329
0.0337514
0.0312452
0.028817
0.0264714
0.0242117
0.0220402
0.0199582
0.0179667
0.0160662
0.0142572
0.0125403
0.010916
0.00938485
0.00794777
0.00660565
0.0053595
0.00421043
0.00315955
0.002208
0.00135689
0.000607241
-3.99819e-05
-0.000583931
-0.00102389
-0.00135929
-0.0015897
-0.00171486
-0.00173466
-0.00164918
-0.00145865
-0.00116352
-0.000764368
-0.000261995
0.000342624
0.00104831
0.00185368
0.00275712
0.00375678
0.00485056
0.00603602
0.00731045
0.00867071
0.0101133
0.0116341
0.0132286
0.0148916
0.0166172
0.018399
0.0202294
0.0221005
0.0240035
0.025929
0.0278675
0.0298092
0.0317452
0.033668
0.0355723
0.0374563
0.039323
0.0411811
0.043046
0.0449397
0.0468889
0.0489209
0.0510544
0.0532853
0.0555677
0.0577969
0.0598058
0.0613926
0.062392
0.0627585
0.0625386
0.061757
0.0777917
0.0780694
0.0781995
0.0782006
0.0780558
0.0777333
0.0772123
0.0764827
0.0755412
0.0743897
0.0730329
0.0714775
0.0697318
0.0678063
0.0657134
0.0634687
0.0610899
0.0585972
0.0560128
0.0533593
0.0506597
0.0479364
0.04521
0.0424996
0.0398216
0.0371901
0.0346168
0.0321107
0.0296791
0.0273273
0.0250591
0.0228772
0.0207835
0.0187793
0.0168655
0.0150428
0.013312
0.0116738
0.010129
0.00867854
0.00732342
0.00606477
0.00490376
0.00384161
0.00287952
0.00201866
0.00126014
0.000605003
5.41543e-05
-0.000391621
-0.00073168
-0.000965536
-0.00109286
-0.00111351
-0.0010275
-0.000835039
-0.000536513
-0.000132504
0.000376216
0.000988674
0.00170369
0.00251985
0.00343552
0.0044488
0.00555752
0.00675918
0.00805094
0.00942957
0.0108914
0.0124321
0.0140471
0.0157309
0.0174773
0.0192795
0.0211299
0.02302
0.0249405
0.0268817
0.0288334
0.0307853
0.0327276
0.0346519
0.0365518
0.0384241
0.0402703
0.0420972
0.0439182
0.0457533
0.0476277
0.0495682
0.0515954
0.0537106
0.0558776
0.0580051
0.0599395
0.0614868
0.0624782
0.0628543
0.0626453
0.0618664
0.0778089
0.0780906
0.0782317
0.0782515
0.0781332
0.0778446
0.0773637
0.0766787
0.0757856
0.0746851
0.0733817
0.0718818
0.0701934
0.0683263
0.0662926
0.0641063
0.0617845
0.0593461
0.0568119
0.0542039
0.0515443
0.0488548
0.046156
0.0434668
0.040804
0.038182
0.035613
0.0331068
0.0306711
0.028312
0.0260339
0.0238401
0.0217328
0.019714
0.0177847
0.0159462
0.0141994
0.0125452
0.0109846
0.00951874
0.00814869
0.00687568
0.00570098
0.0046259
0.00365172
0.00277969
0.00201101
0.00134677
0.000787965
0.000335453
-1.00569e-05
-0.00024801
-0.000378021
-0.000399879
-0.000313557
-0.000119214
0.000182799
0.000591932
0.00110743
0.00172834
0.00245346
0.00328139
0.00421045
0.00523871
0.00636392
0.00758352
0.00889456
0.0102937
0.0117771
0.0133403
0.0149784
0.0166858
0.018456
0.020282
0.0221556
0.024068
0.0260097
0.0279702
0.0299389
0.0319047
0.0338574
0.0357874
0.0376873
0.0395529
0.0413839
0.0431856
0.0449695
0.0467534
0.0485611
0.0504183
0.0523469
0.0543522
0.0564067
0.0584313
0.0602862
0.0617866
0.0627628
0.0631436
0.0629428
0.0621657
0.077883
0.0781666
0.0783172
0.0783547
0.078263
0.0780091
0.0775702
0.076933
0.0760919
0.0750471
0.073802
0.0723628
0.0707369
0.0689337
0.0669643
0.0648418
0.062582
0.0602026
0.0577234
0.0551651
0.0525491
0.0498968
0.0472283
0.0445625
0.0419165
0.039305
0.0367408
0.0342344
0.0317942
0.0294268
0.0271374
0.02493
0.0228074
0.0207718
0.018825
0.0169684
0.0152033
0.0135308
0.0119523
0.0104688
0.00908164
0.00779224
0.00660192
0.00551209
0.00452412
0.00363935
0.00285904
0.00218438
0.00161644
0.00115614
0.00080428
0.000561472
0.00042817
0.000404646
0.000490983
0.000687073
0.000992605
0.00140706
0.00192972
0.00255963
0.00329562
0.00413625
0.00507983
0.00612439
0.00726763
0.0085069
0.00983916
0.0112609
0.0127682
0.0143565
0.0160205
0.0177544
0.0195515
0.0214044
0.0233046
0.025243
0.0272093
0.0291929
0.0311824
0.0331663
0.0351334
0.0370734
0.038978
0.0408418
0.0426631
0.0444456
0.0461991
0.0479394
0.0496884
0.0514709
0.053309
0.0552114
0.0571577
0.05908
0.0608519
0.0622993
0.0632539
0.0636344
0.0634392
0.0626623
0.0780084
0.0782919
0.0784505
0.0785048
0.078439
0.0782205
0.0778251
0.0772385
0.0764535
0.0754688
0.0742873
0.0729142
0.0713566
0.0696229
0.0677235
0.0656704
0.0634781
0.0611632
0.0587439
0.0562401
0.0536722
0.0510608
0.0484258
0.0457861
0.0431589
0.0405594
0.0380008
0.0354943
0.0330492
0.0306727
0.0283709
0.0261483
0.0240084
0.021954
0.0199874
0.0181104
0.0163246
0.0146314
0.0130324
0.0115289
0.0101224
0.00881443
0.00760639
0.00649981
0.00549617
0.0045969
0.00380336
0.00311682
0.00253841
0.00206916
0.00170992
0.00146139
0.00132408
0.00129834
0.0013843
0.00158192
0.00189092
0.00231083
0.00284096
0.00348037
0.0042279
0.00508211
0.0060413
0.00710345
0.00826621
0.00952685
0.0108822
0.0123288
0.0138623
0.0154781
0.0171708
0.0189341
0.0207613
0.0226443
0.0245746
0.0265425
0.0285373
0.0305478
0.0325621
0.0345681
0.0365539
0.0385084
0.0404224
0.0422893
0.0441064
0.0458758
0.0476056
0.0493099
0.0510086
0.0527252
0.0544817
0.0562891
0.0581327
0.0599549
0.0616422
0.0630318
0.063959
0.0643348
0.0641421
0.0633636
0.0781797
0.078461
0.0786261
0.0786958
0.0786554
0.0784723
0.0781219
0.0775884
0.076863
0.0759432
0.0748305
0.0735293
0.072046
0.070388
0.0685648
0.0665873
0.0644686
0.0622239
0.0598702
0.0574261
0.054911
0.0523449
0.0497473
0.0471368
0.0445308
0.041945
0.0393931
0.0368871
0.0344369
0.0320508
0.0297354
0.0274961
0.0253371
0.0232618
0.0212731
0.0193732
0.0175641
0.0158477
0.0142256
0.0126996
0.0112712
0.0099422
0.00871412
0.00758861
0.00656725
0.00565157
0.00484303
0.00414298
0.00355264
0.00307311
0.00270534
0.00245008
0.00230794
0.00227932
0.00236442
0.00256324
0.00287557
0.00330098
0.0038388
0.00448814
0.00524782
0.00611644
0.00709224
0.00817321
0.00935692
0.0106406
0.012021
0.0134944
0.0150564
0.0167023
0.0184263
0.020222
0.0220823
0.0239988
0.0259627
0.0279636
0.0299907
0.032032
0.0340752
0.0361075
0.0381163
0.0400899
0.0420181
0.0438933
0.0457118
0.0474744
0.0491873
0.0508632
0.0525201
0.05418
0.0558643
0.0575853
0.0593333
0.0610595
0.0626621
0.0639905
0.0648856
0.0652523
0.0650591
0.0642765
0.0783911
0.0786685
0.0788385
0.0789223
0.0789061
0.0787584
0.0784539
0.0779756
0.0773134
0.076463
0.0754245
0.0742013
0.0727985
0.0712229
0.0694825
0.0675871
0.0655486
0.0633804
0.0610984
0.0587198
0.0562629
0.0537469
0.0511908
0.0486131
0.0460313
0.0434614
0.0409178
0.0384131
0.0359581
0.0335618
0.0312318
0.0289744
0.0267944
0.0246962
0.0226829
0.0207575
0.0189225
0.0171801
0.0155323
0.013981
0.0125281
0.0111754
0.00992481
0.00877799
0.00773667
0.00680249
0.005977
0.00526164
0.00465774
0.00416648
0.00378888
0.00352578
0.00337784
0.00334556
0.00342918
0.00362878
0.0039442
0.00437504
0.00492069
0.00558027
0.00635264
0.00723638
0.00822974
0.00933065
0.0105367
0.0118449
0.0132521
0.0147543
0.0163472
0.0180255
0.0197835
0.0216145
0.0235109
0.0254642
0.027465
0.0295027
0.0315658
0.033642
0.0357182
0.0377811
0.0398174
0.0418147
0.043762
0.045651
0.0474766
0.0492388
0.0509414
0.052597
0.0542209
0.0558335
0.0574555
0.0591
0.0607608
0.0623964
0.0639164
0.0651818
0.0660408
0.0663946
0.0661979
0.0654084
0.0786374
0.0789091
0.0790823
0.0791786
0.0791855
0.0790725
0.0788144
0.0783933
0.0777974
0.0770208
0.0760621
0.074923
0.0736076
0.0721212
0.0704707
0.0686646
0.0667131
0.0646284
0.0624246
0.0601177
0.0577249
0.0552643
0.0527545
0.0502137
0.0476594
0.045108
0.0425745
0.0400722
0.0376127
0.0352061
0.0328608
0.0305839
0.0283813
0.0262578
0.0242177
0.0222642
0.0204005
0.0186292
0.0169526
0.0153732
0.0138929
0.0125138
0.011238
0.0100673
0.00900363
0.00804866
0.0072041
0.00647149
0.00585224
0.00534762
0.00495874
0.00468652
0.0045317
0.00449483
0.00457625
0.00477608
0.00509422
0.00553032
0.00608382
0.00675386
0.00753932
0.00843879
0.00945052
0.0105724
0.011802
0.0131363
0.0145719
0.0161049
0.0177306
0.0194437
0.0212383
0.0231073
0.0250428
0.0270361
0.0290773
0.0311553
0.0332582
0.0353731
0.0374865
0.0395843
0.0416527
0.0436786
0.0456502
0.0475583
0.0493971
0.051165
0.0528655
0.0545084
0.0561083
0.0576838
0.0592541
0.0608327
0.0624159
0.0639684
0.0654096
0.066612
0.0674322
0.0677698
0.0675667
0.0667667
0.0789131
0.0791775
0.0793524
0.0794595
0.0794881
0.0794089
0.0791973
0.0788347
0.078308
0.0776095
0.0767359
0.0756874
0.0744661
0.0730763
0.0715233
0.0698139
0.067957
0.065963
0.0638446
0.061616
0.0592935
0.0568941
0.0544357
0.0519363
0.0494133
0.0468834
0.0443623
0.0418638
0.0394007
0.0369837
0.0346225
0.032325
0.030098
0.0279473
0.0258778
0.0238936
0.0219983
0.0201952
0.0184869
0.0168762
0.0153655
0.0139571
0.0126532
0.0114559
0.0103672
0.00938897
0.00852304
0.00777103
0.00713447
0.00661471
0.00621295
0.00593018
0.00576724
0.00572474
0.00580308
0.00600245
0.00632281
0.00676387
0.00732509
0.00800567
0.0088045
0.00972017
0.010751
0.0118947
0.0131489
0.0145106
0.0159762
0.0175416
0.0192022
0.0209523
0.0227858
0.0246954
0.026673
0.0287093
0.0307941
0.0329159
0.0350624
0.03722
0.0393747
0.0415118
0.043617
0.0456764
0.0476776
0.0496105
0.0514686
0.0532492
0.054955
0.056594
0.0581793
0.0597281
0.0612582
0.0627826
0.0642994
0.0657781
0.0671464
0.0682877
0.0690677
0.0693867
0.0691743
0.0683599
0.0792133
0.0794688
0.0796438
0.0797601
0.0798085
0.0797619
0.0795966
0.0792935
0.0788385
0.078222
0.0774389
0.0764872
0.0753674
0.0740817
0.072634
0.0710295
0.069275
0.0673794
0.0653537
0.0632107
0.0609651
0.0586331
0.0562316
0.0537784
0.0512909
0.048786
0.0462797
0.043787
0.0413211
0.0388942
0.0365166
0.0341974
0.0319446
0.0297647
0.0276634
0.0256458
0.0237161
0.021878
0.0201348
0.0184897
0.0169454
0.0155045
0.0141695
0.0129427
0.0118262
0.0108221
0.00993231
0.0091586
0.0085026
0.00796575
0.00754933
0.00725444
0.00708197
0.00703261
0.00710685
0.00730493
0.00762686
0.00807242
0.0086411
0.00933213
0.0101444
0.0110766
0.012127
0.0132933
0.0145731
0.0159632
0.0174601
0.0190596
0.0207568
0.0225459
0.0244205
0.0263732
0.0283954
0.0304777
0.0326092
0.0347782
0.0369718
0.039176
0.0413761
0.0435571
0.0457037
0.0478017
0.049838
0.0518018
0.0536857
0.0554863
0.0572053
0.0588495
0.0604299
0.0619635
0.0634657
0.0649488
0.0664119
0.067828
0.0691316
0.070216
0.0709561
0.071255
0.0710306
0.0701973
0.0795331
0.0797784
0.0799519
0.0800756
0.0801421
0.0801266
0.0800067
0.0797637
0.0793824
0.0788516
0.078164
0.0773155
0.0763045
0.075131
0.0737968
0.0723053
0.0706616
0.0688725
0.0669474
0.0648973
0.0627357
0.0604774
0.0581389
0.0557371
0.0532895
0.0508132
0.0483248
0.0458399
0.0433727
0.0409362
0.0385421
0.0362005
0.0339204
0.0317093
0.0295741
0.0275204
0.0255532
0.0236771
0.0218959
0.0202131
0.0186319
0.0171553
0.015786
0.0145265
0.0133792
0.0123465
0.0114302
0.0106323
0.00995451
0.00939844
0.00896543
0.00865666
0.0084731
0.00841552
0.00848447
0.00868024
0.00900294
0.00945236
0.0100281
0.0107293
0.011555
0.0125039
0.0135741
0.0147635
0.0160695
0.017489
0.0190184
0.0206532
0.0223884
0.0242183
0.026136
0.0281339
0.0302032
0.032334
0.0345153
0.0367346
0.0389788
0.0412333
0.0434829
0.0457121
0.047905
0.0500469
0.0521239
0.0541249
0.0560416
0.05787
0.0596108
0.0612695
0.0628567
0.0643865
0.065874
0.0673301
0.068754
0.070121
0.0713709
0.0724049
0.0731075
0.0733858
0.0731472
0.07229
0.079868
0.0801019
0.0802725
0.0804017
0.0804843
0.0804982
0.0804228
0.0802399
0.0799339
0.079492
0.0789049
0.078166
0.077271
0.0762177
0.0750056
0.0736358
0.0721114
0.0704372
0.0686207
0.0666713
0.0646008
0.0624231
0.0601535
0.0578087
0.0554058
0.0529621
0.0504948
0.04802
0.045553
0.0431078
0.0406973
0.0383327
0.036024
0.0337801
0.0316086
0.0295162
0.0275088
0.0255915
0.0237689
0.0220451
0.0204236
0.0189079
0.017501
0.0162056
0.0150246
0.0139601
0.0130145
0.0121898
0.0114878
0.0109102
0.0104585
0.0101339
0.00993754
0.00987019
0.00993248
0.0101248
0.0104472
0.0108997
0.0114818
0.0121927
0.0130316
0.013997
0.0150871
0.0162999
0.0176326
0.0190821
0.0206447
0.0223158
0.0240904
0.0259624
0.0279249
0.0299699
0.0320884
0.0342701
0.0365037
0.0387764
0.0410743
0.0433827
0.0456859
0.0479676
0.0502118
0.0524029
0.0545267
0.0565715
0.0585285
0.060393
0.0621649
0.0638489
0.0654547
0.066993
0.0684807
0.0699258
0.071327
0.0726608
0.0738705
0.0748636
0.0755334
0.0757922
0.0755378
0.074651
0.0802142
0.0804354
0.0806016
0.0807345
0.0808312
0.0808725
0.0808402
0.0807173
0.0804877
0.0801377
0.0796556
0.0790323
0.0782608
0.0773359
0.0762545
0.0750153
0.0736189
0.0720683
0.0703686
0.0685277
0.0665559
0.0644655
0.0622712
0.0599889
0.0576356
0.0552287
0.0527858
0.0503238
0.0478588
0.0454061
0.0429794
0.0405913
0.0382531
0.0359747
0.0337648
0.0316313
0.0295808
0.0276193
0.0257521
0.0239838
0.0223187
0.0207604
0.0193125
0.017978
0.0167598
0.0156606
0.0146827
0.0138284
0.0130995
0.012498
0.0120253
0.0116829
0.0114717
0.0113929
0.011447
0.0116344
0.0119554
0.0124099
0.0129975
0.0137175
0.014569
0.0155505
0.0166604
0.0178965
0.0192561
0.0207359
0.0223322
0.0240403
0.0258551
0.0277703
0.0297788
0.0318724
0.0340418
0.0362765
0.0385646
0.0408932
0.043248
0.0456138
0.0479743
0.050313
0.0526133
0.0548592
0.0570362
0.059132
0.0611373
0.063047
0.0648601
0.0665808
0.0682172
0.0697806
0.0712839
0.0727353
0.0741323
0.0754516
0.076638
0.0776032
0.0782476
0.0784898
0.0782187
0.0772961
0.0805678
0.0807754
0.0809357
0.0810706
0.0811793
0.0812461
0.0812554
0.0811917
0.0810395
0.0807838
0.0804111
0.0799093
0.0792683
0.07848
0.0775381
0.0764384
0.0751791
0.0737606
0.0721862
0.0704617
0.0685958
0.0665997
0.0644869
0.0622727
0.059974
0.0576082
0.0551932
0.0527467
0.0502858
0.0478267
0.0453844
0.0429727
0.0406041
0.0382898
0.0360398
0.0338628
0.0317665
0.0297578
0.0278428
0.0260268
0.0243145
0.0227102
0.0212178
0.0198407
0.0185821
0.0174449
0.0164317
0.0155448
0.0147864
0.0141583
0.0136622
0.0132996
0.0130717
0.0129794
0.0130235
0.0132045
0.0135227
0.0139779
0.0145699
0.015298
0.0161613
0.0171584
0.0182876
0.0195466
0.0209328
0.0224428
0.0240729
0.0258183
0.0276737
0.0296327
0.0316881
0.0338313
0.036053
0.0383422
0.0406868
0.0430736
0.0454879
0.0479142
0.0503357
0.0527358
0.0550972
0.0574039
0.0596407
0.0617952
0.0638577
0.0658224
0.0676882
0.0694583
0.0711401
0.0727441
0.0742812
0.0757587
0.0771727
0.0784991
0.0796827
0.0806368
0.0812666
0.0814973
0.0812099
0.0802447
0.0809256
0.0811187
0.0812718
0.0814069
0.0815255
0.0816157
0.0816649
0.0816598
0.0815855
0.0814264
0.0811669
0.0807922
0.0802888
0.0796451
0.0788513
0.0779001
0.0767867
0.0755091
0.0740682
0.0724679
0.0707152
0.06882
0.0667948
0.0646544
0.0624151
0.0600946
0.0577111
0.055283
0.0528283
0.0503642
0.047907
0.0454717
0.0430722
0.0407209
0.0384289
0.0362063
0.0340617
0.032003
0.0300371
0.02817
0.0264072
0.0247535
0.0232132
0.0217901
0.0204878
0.0193093
0.0182576
0.0173351
0.0165442
0.0158868
0.0153648
0.0149796
0.0147326
0.0146248
0.014657
0.0148298
0.0151435
0.015598
0.0161931
0.016928
0.017802
0.0188137
0.0199612
0.0212425
0.0226547
0.0241945
0.0258581
0.0276406
0.0295365
0.0315395
0.033642
0.0358355
0.0381101
0.0404549
0.0428576
0.0453044
0.0477806
0.0502702
0.0527564
0.055222
0.0576498
0.0600232
0.0623271
0.0645486
0.0666779
0.0687088
0.0706398
0.0724737
0.0742171
0.0758797
0.0774711
0.078997
0.0804522
0.0818109
0.0830163
0.0839804
0.0846103
0.0848376
0.0845356
0.0835203
0.0812851
0.0814625
0.081607
0.0817406
0.0818671
0.0819788
0.0820664
0.0821191
0.0821232
0.0820625
0.0819199
0.0816776
0.0813185
0.0808271
0.0801898
0.0793958
0.0784371
0.0773088
0.0760095
0.0745409
0.0729084
0.0711205
0.0691888
0.0671273
0.0649521
0.062681
0.0603325
0.0579256
0.0554792
0.0530116
0.0505404
0.0480818
0.0456509
0.0432616
0.0409263
0.0386561
0.0364609
0.0343495
0.0323298
0.0304086
0.0285921
0.0268855
0.0252939
0.0238214
0.022472
0.021249
0.0201556
0.0191945
0.018368
0.0176785
0.0171278
0.0167176
0.0164491
0.0163235
0.0163417
0.0165043
0.0168116
0.0172636
0.0178601
0.0186004
0.0194837
0.0205086
0.0216733
0.0229756
0.0244128
0.0259815
0.0276777
0.0294966
0.0314325
0.033479
0.0356284
0.037872
0.0402
0.0426009
0.0450625
0.0475707
0.0501107
0.0526662
0.0552204
0.0577559
0.0602553
0.0627019
0.0650806
0.0673783
0.0695851
0.0716947
0.0737052
0.075619
0.0774425
0.0791842
0.0808528
0.0824528
0.0839768
0.0853971
0.0866535
0.0876536
0.0883032
0.0885385
0.0882256
0.087152
0.0816438
0.0818045
0.0819391
0.0820694
0.0822021
0.0823334
0.0824581
0.0825679
0.0826507
0.0826904
0.0826681
0.0825631
0.0823545
0.0820228
0.0815501
0.0809216
0.0801259
0.079155
0.0780047
0.0766749
0.0751691
0.0734945
0.0716615
0.0696837
0.067577
0.065359
0.0630486
0.0606656
0.0582297
0.0557602
0.0532759
0.0507943
0.048332
0.045904
0.0435241
0.0412047
0.0389568
0.0367904
0.0347142
0.032736
0.0308626
0.0291001
0.0274539
0.0259287
0.0245289
0.0232581
0.0221198
0.0211169
0.020252
0.0195275
0.0189453
0.0185072
0.0182147
0.018069
0.0180708
0.018221
0.0185198
0.0189673
0.0195633
0.0203071
0.0211979
0.0222343
0.0234146
0.0247364
0.0261971
0.0277932
0.0295207
0.0313746
0.0333494
0.0354384
0.0376339
0.039927
0.0423077
0.0447648
0.0472856
0.0498562
0.0524615
0.0550853
0.0577106
0.0603201
0.0628965
0.0654232
0.067885
0.070269
0.0725653
0.0747675
0.0768737
0.078886
0.0808104
0.0826548
0.0844266
0.086131
0.0877554
0.089271
0.0906128
0.091681
0.0923752
0.0926339
0.0923162
0.0911752
0.0820002
0.0821428
0.082266
0.0823914
0.0825286
0.0826781
0.0828387
0.0830053
0.0831676
0.0833095
0.0834107
0.0834476
0.0833954
0.0832301
0.0829295
0.0824743
0.0818492
0.081043
0.0800488
0.0788641
0.0774907
0.0759345
0.074205
0.0723152
0.0702805
0.0681189
0.0658496
0.0634929
0.0610693
0.0585994
0.0561029
0.0535989
0.051105
0.0486379
0.0462125
0.0438425
0.0415402
0.0393167
0.0371816
0.0351438
0.0332107
0.0313892
0.0296854
0.0281044
0.026651
0.0253293
0.024143
0.0230952
0.0221888
0.0214263
0.0208099
0.0203413
0.0200221
0.0198535
0.0198366
0.0199719
0.0202599
0.0207006
0.0212939
0.0220391
0.0229353
0.0239811
0.0251748
0.0265142
0.0279963
0.0296179
0.0313747
0.0332618
0.0352736
0.0374034
0.0396434
0.0419847
0.0444173
0.0469298
0.0495096
0.0521428
0.0548145
0.0575084
0.0602079
0.0628957
0.0655547
0.0681688
0.0707228
0.0732043
0.0756034
0.0779141
0.0801344
0.0822664
0.0843158
0.0862903
0.0881967
0.0900372
0.0917997
0.0934501
0.094918
0.0960931
0.0968632
0.0971655
0.096852
0.0956336
0.0823529
0.0824758
0.082586
0.082705
0.0828453
0.0830119
0.0832079
0.0834315
0.0836742
0.0839205
0.0841483
0.0843314
0.084441
0.0844483
0.0843263
0.0840512
0.0836035
0.0829684
0.0821362
0.0811021
0.079866
0.0784325
0.0768104
0.0750118
0.0730522
0.0709496
0.0687237
0.0663952
0.0639857
0.0615166
0.0590089
0.0564829
0.0539577
0.0514511
0.0489795
0.0465579
0.0441998
0.0419174
0.0397215
0.0376216
0.0356264
0.0337433
0.031979
0.0303393
0.0288294
0.0274537
0.0262164
0.0251208
0.02417
0.0233666
0.022713
0.0222111
0.0218625
0.0216684
0.02163
0.0217479
0.0220225
0.0224539
0.023042
0.0237861
0.0246851
0.0257379
0.0269426
0.0282969
0.029798
0.0314424
0.033226
0.0351439
0.0371903
0.0393585
0.0416407
0.0440282
0.0465109
0.0490774
0.0517154
0.0544111
0.0571497
0.0599155
0.0626919
0.0654622
0.0682098
0.070919
0.0735754
0.0761667
0.0786837
0.0811207
0.0834762
0.0857522
0.0879546
0.0900907
0.0921668
0.0941832
0.0961264
0.0979579
0.0995997
0.100928
0.101813
0.102185
0.101888
0.100581
0.0827013
0.0828022
0.0828976
0.0830087
0.0831509
0.0833342
0.0835658
0.0838473
0.0841723
0.0845253
0.0848831
0.0852165
0.0854926
0.0856777
0.0857399
0.0856506
0.0853858
0.0849271
0.0842616
0.0833822
0.0822871
0.0809795
0.0794673
0.0777624
0.0758801
0.0738383
0.0716573
0.0693585
0.0669643
0.064497
0.061979
0.0594316
0.0568752
0.054329
0.0518109
0.0493369
0.0469219
0.0445792
0.0423207
0.0401571
0.0380975
0.0361505
0.0343233
0.0326223
0.0310531
0.0296208
0.0283296
0.0271834
0.0261853
0.0253383
0.0246447
0.0241066
0.0237258
0.0235035
0.0234409
0.0235386
0.0237971
0.0242163
0.0247965
0.0255366
0.0264357
0.0274925
0.0287053
0.0300715
0.0315885
0.0332527
0.03506
0.0370054
0.0390833
0.0412868
0.0436084
0.0460393
0.0485696
0.0511883
0.053883
0.0566405
0.0594462
0.0622851
0.0651411
0.0679983
0.0708408
0.0736536
0.0764232
0.0791381
0.0817899
0.0843736
0.0868882
0.0893363
0.0917239
0.0940584
0.0963455
0.0985839
0.100758
0.102825
0.104697
0.106234
0.107281
0.107756
0.107491
0.106083
0.083045
0.083121
0.0831994
0.083301
0.0834446
0.0836448
0.0839133
0.0842546
0.0846643
0.0851271
0.0856185
0.0861059
0.0865526
0.0869199
0.0871706
0.0872713
0.0871934
0.0869147
0.0864191
0.0856971
0.0847451
0.0835652
0.0821645
0.0805544
0.0787503
0.0767703
0.0746351
0.0723668
0.0699886
0.0675239
0.064996
0.0624276
0.0598403
0.0572547
0.0546897
0.052163
0.0496904
0.0472865
0.0449642
0.0427352
0.0406097
0.0385969
0.0367046
0.0349401
0.0333094
0.0318179
0.0304704
0.0292709
0.0282229
0.0273295
0.0265933
0.0260163
0.0256005
0.0253472
0.0252576
0.0253323
0.0255718
0.0259763
0.026545
0.027278
0.028174
0.0292316
0.030449
0.0318237
0.033353
0.0350334
0.0368606
0.0388299
0.0409354
0.0431706
0.045528
0.0479989
0.0505738
0.0532419
0.0559914
0.0588094
0.0616822
0.0645953
0.0675336
0.0704822
0.0734262
0.0763517
0.0792465
0.0821003
0.0849059
0.0876592
0.0903603
0.0930126
0.0956228
0.0981985
0.100745
0.10326
0.105724
0.10809
0.110259
0.112071
0.11334
0.113959
0.113745
0.112221
0.0833839
0.0834308
0.0834895
0.0835805
0.0837255
0.083944
0.0842516
0.084656
0.085154
0.0857305
0.086359
0.0870042
0.0876248
0.0881774
0.0886196
0.0889127
0.0890239
0.0889269
0.0886025
0.0880388
0.0872305
0.0861784
0.0848891
0.0833737
0.0816476
0.0797292
0.0776397
0.075402
0.0730399
0.070578
0.0680405
0.0654514
0.0628335
0.0602085
0.0575968
0.0550171
0.0524866
0.050021
0.0476342
0.0453389
0.0431462
0.0410661
0.0391073
0.0372774
0.0355832
0.0340306
0.0326245
0.0313695
0.0302692
0.029327
0.0285455
0.0279271
0.0274736
0.0271865
0.0270669
0.0271156
0.0273331
0.0277193
0.0282739
0.0289965
0.0298859
0.0309406
0.0321588
0.0335382
0.0350758
0.0367681
0.0386111
0.0405998
0.0427286
0.0449912
0.0473802
0.0498872
0.0525031
0.0552175
0.0580193
0.0608964
0.0638358
0.066824
0.0698473
0.0728919
0.0759445
0.0789928
0.082026
0.0850356
0.0880159
0.0909647
0.0938833
0.0967767
0.0996526
0.102519
0.105382
0.108237
0.111061
0.113803
0.116349
0.118516
0.12008
0.120895
0.120756
0.119102
0.0837181
0.0837299
0.0837658
0.0838453
0.0839925
0.0842318
0.0845824
0.0850545
0.0856457
0.0863406
0.0871105
0.0879168
0.088714
0.0894537
0.0900884
0.0905746
0.0908748
0.0909589
0.0908049
0.0903982
0.089732
0.0888062
0.0876265
0.0862042
0.0845546
0.0826965
0.0806517
0.0784437
0.0760973
0.0736378
0.0710908
0.0684811
0.0658327
0.0631687
0.0605105
0.057878
0.0552896
0.0527621
0.0503105
0.0479484
0.0456879
0.0435397
0.0415132
0.0396168
0.0378577
0.0362422
0.0347758
0.0334633
0.0323087
0.0313154
0.0304864
0.0298241
0.0293303
0.0290068
0.0288545
0.0288743
0.0290666
0.0294314
0.0299684
0.030677
0.031556
0.032604
0.033819
0.0351987
0.0367402
0.0384399
0.0402939
0.0422973
0.0444447
0.0467299
0.0491458
0.0516846
0.0543375
0.0570948
0.0599461
0.0628804
0.0658858
0.0689502
0.0720613
0.0752069
0.0783758
0.0815574
0.0847434
0.0879272
0.0911056
0.0942786
0.0974498
0.100626
0.103818
0.107033
0.110279
0.113549
0.116818
0.120025
0.123044
0.125663
0.127612
0.128692
0.128657
0.126857
0.0840473
0.0840145
0.0840248
0.0840927
0.0842436
0.0845081
0.0849075
0.0854535
0.0861443
0.0869631
0.0878789
0.0888495
0.089825
0.0907522
0.0915786
0.0922561
0.0927429
0.0930053
0.0930181
0.0927649
0.0922372
0.0914339
0.0903605
0.089028
0.087452
0.0856517
0.0836494
0.0814695
0.0791375
0.0766798
0.0741228
0.0714924
0.0688138
0.066111
0.0634066
0.0607218
0.058076
0.0554869
0.0529708
0.0505419
0.0482135
0.0459968
0.0439022
0.0419385
0.0401136
0.0384342
0.0369062
0.0355348
0.0343242
0.033278
0.0323995
0.031691
0.0311547
0.0307922
0.0306045
0.0305925
0.0307566
0.0310968
0.0316128
0.0323036
0.0331684
0.0342056
0.0354131
0.0367887
0.0383293
0.0400317
0.0418917
0.0439047
0.0460656
0.0483684
0.0508064
0.0533723
0.0560579
0.0588545
0.0617526
0.0647423
0.0678131
0.0709546
0.0741564
0.0774085
0.0807017
0.0840282
0.0873823
0.0907605
0.0941626
0.0975916
0.101054
0.104561
0.108125
0.111757
0.115463
0.119239
0.123052
0.126834
0.130444
0.133631
0.136078
0.137513
0.137619
0.135664
0.0843682
0.0842799
0.0842601
0.0843168
0.0844765
0.084772
0.0852277
0.085856
0.0866543
0.0876037
0.0886704
0.0898081
0.0909625
0.092076
0.0930913
0.0939559
0.0946242
0.095059
0.0952327
0.0951269
0.0947317
0.0940453
0.0930727
0.0918251
0.0903183
0.088572
0.0866092
0.0844549
0.0821355
0.0796783
0.0771105
0.0744591
0.0717503
0.0690091
0.0662592
0.0635228
0.0608203
0.0581705
0.0555905
0.0530956
0.0506996
0.0484149
0.0462522
0.0442211
0.0423301
0.0405862
0.038996
0.0375646
0.0362968
0.0351964
0.0342667
0.0335104
0.0329294
0.0325256
0.0323001
0.0322536
0.0323866
0.032699
0.0331903
0.0338599
0.0347066
0.0357289
0.0369246
0.0382915
0.0398266
0.0415266
0.0433876
0.0454053
0.0475745
0.0498899
0.0523451
0.0549335
0.0576478
0.0604801
0.0634222
0.0664655
0.0696015
0.0728214
0.0761171
0.0794812
0.0829073
0.086391
0.0899296
0.0935238
0.097177
0.100897
0.104695
0.108585
0.112585
0.11671
0.120968
0.125354
0.129832
0.13432
0.138667
0.142568
0.145657
0.147565
0.147865
0.145761
0.0846752
0.0845161
0.0844619
0.0845099
0.0846844
0.08502
0.0855425
0.0862636
0.0871789
0.0882668
0.0894895
0.0907967
0.0921299
0.0934267
0.0946258
0.0956708
0.0965127
0.0971115
0.0974374
0.0974702
0.097199
0.0966215
0.0957426
0.0945733
0.0931299
0.0914327
0.0895053
0.0873733
0.0850641
0.0826055
0.0800259
0.077353
0.0746141
0.071835
0.0690404
0.0662534
0.0634954
0.0607861
0.0581434
0.0555836
0.0531213
0.0507694
0.0485394
0.0464416
0.0444847
0.0426766
0.0410238
0.0395322
0.0382066
0.0370511
0.0360691
0.0352634
0.0346362
0.0341892
0.0339237
0.0338403
0.0339394
0.0342211
0.0346848
0.0353297
0.0361546
0.0371579
0.0383377
0.0396915
0.0412165
0.0429095
0.0447668
0.0467841
0.0489569
0.0512801
0.053748
0.0563548
0.0590939
0.0619587
0.0649424
0.0680381
0.071239
0.0745389
0.0779321
0.0814141
0.0849822
0.0886356
0.092376
0.0962088
0.100143
0.104191
0.108371
0.112703
0.117212
0.121917
0.126831
0.13195
0.137234
0.142591
0.147835
0.15266
0.156577
0.159113
0.159686
0.157467
0.084956
0.0847057
0.0846134
0.0846581
0.0848569
0.0852452
0.085848
0.0866751
0.0877189
0.0889538
0.0903384
0.0918172
0.0933276
0.0948031
0.0961788
0.097395
0.0983999
0.0991515
0.099618
0.0997782
0.0996204
0.0991418
0.0983473
0.0972483
0.0958612
0.0942071
0.09231
0.0901964
0.0878943
0.0854323
0.0828396
0.0801447
0.0773756
0.0745592
0.0717209
0.0688847
0.0660728
0.0633057
0.0606022
0.0579793
0.0554523
0.0530348
0.050739
0.0485756
0.046554
0.0446823
0.0429676
0.041416
0.0400326
0.0388216
0.0377868
0.0369309
0.0362564
0.0357649
0.0354576
0.0353354
0.0353985
0.0356469
0.0360802
0.0366973
0.0374972
0.0384781
0.0396382
0.0409751
0.042486
0.0441679
0.0460171
0.04803
0.0502021
0.052529
0.0550058
0.0576272
0.060388
0.0632828
0.0663063
0.0694535
0.0727197
0.0761013
0.0795958
0.083202
0.0869212
0.0907572
0.094717
0.0988116
0.103057
0.107473
0.112085
0.116923
0.12202
0.127403
0.133093
0.139087
0.145344
0.151754
0.1581
0.164131
0.169105
0.172482
0.173459
0.171219
0.085187
0.0848191
0.0846866
0.084738
0.0849761
0.0854341
0.0861348
0.0870841
0.0882702
0.0896627
0.0912147
0.0928666
0.0945521
0.0962001
0.097743
0.0991189
0.100274
0.101164
0.101758
0.102032
0.101974
0.101583
0.100862
0.0998235
0.0984846
0.0968666
0.0949942
0.0928944
0.090596
0.0881282
0.085521
0.0828035
0.0800045
0.0771515
0.0742708
0.0713871
0.0685232
0.0657006
0.0629387
0.060255
0.0576657
0.0551849
0.0528255
0.0505985
0.0485139
0.0465802
0.0448049
0.0431943
0.0417538
0.040488
0.0394004
0.0384943
0.037772
0.0372352
0.0368852
0.0367229
0.0367484
0.0369618
0.0373625
0.0379497
0.038722
0.0396779
0.0408154
0.0421323
0.043626
0.0452934
0.0471313
0.0491363
0.0513045
0.053632
0.0561146
0.0587481
0.0615283
0.0644512
0.0675134
0.0707117
0.074044
0.0775095
0.0811091
0.0848457
0.088725
0.0927563
0.0969528
0.101333
0.10592
0.110744
0.115842
0.121254
0.127023
0.133192
0.139791
0.146825
0.15425
0.161951
0.1697
0.177121
0.183528
0.188064
0.189666
0.187594
0.0853251
0.0848069
0.0846364
0.0847119
0.0850113
0.0855627
0.0863839
0.0874759
0.088821
0.090383
0.0921097
0.0939367
0.0957927
0.0976069
0.0993059
0.100828
0.102118
0.103131
0.103835
0.104208
0.104236
0.103918
0.103259
0.102271
0.100971
0.0993813
0.0975273
0.0954365
0.0931381
0.0906622
0.0880389
0.0852984
0.0824698
0.0795814
0.0766599
0.0737308
0.0708176
0.0679422
0.0651248
0.0623835
0.059735
0.057194
0.0547738
0.0524861
0.0503412
0.048348
0.0465142
0.0448465
0.0433506
0.0420311
0.040892
0.0399364
0.0391668
0.038585
0.0381923
0.0379895
0.0379769
0.0381545
0.0385216
0.0390775
0.0398208
0.04075
0.0418633
0.0431583
0.0446326
0.0462834
0.048108
0.050103
0.0522652
0.0545912
0.0570778
0.0597216
0.0625199
0.06547
0.0685703
0.0718199
0.0752195
0.0787712
0.0824797
0.0863523
0.0904002
0.0946387
0.0990885
0.103776
0.108736
0.114009
0.119645
0.125699
0.132232
0.139301
0.146955
0.155209
0.164029
0.173291
0.182741
0.19193
0.200199
0.206319
0.208914
0.207349
0.0852939
0.0845873
0.0843898
0.0845193
0.0849134
0.0855905
0.0865625
0.0878232
0.0893482
0.0910947
0.0930046
0.0950091
0.0970337
0.0990037
0.100848
0.102501
0.10391
0.105029
0.105827
0.106281
0.106379
0.10612
0.10551
0.10456
0.10329
0.101721
0.0998785
0.0977917
0.0954898
0.0930033
0.0903629
0.0875991
0.0847417
0.0818192
0.0788592
0.0758874
0.0729279
0.0700033
0.067134
0.064339
0.0616352
0.059038
0.056561
0.0542163
0.0520147
0.0499653
0.0480764
0.0463547
0.0448061
0.0434355
0.042247
0.0412439
0.0404286
0.0398032
0.0393689
0.0391266
0.0390766
0.0392188
0.0395526
0.0400772
0.0407914
0.0416937
0.0427821
0.0440547
0.045509
0.0471426
0.0489529
0.0509371
0.0530924
0.0554162
0.057906
0.0605595
0.0633752
0.0663523
0.0694908
0.0727922
0.0762601
0.0799
0.0837207
0.0877344
0.0919581
0.0964142
0.101132
0.106148
0.111508
0.117267
0.123492
0.130256
0.137642
0.14573
0.15459
0.164263
0.174728
0.185863
0.197397
0.208839
0.219417
0.227778
0.231965
0.231456
0.0849604
0.0840264
0.083832
0.0840664
0.084605
0.0854538
0.0866172
0.0880809
0.0898128
0.091763
0.0938676
0.0960538
0.0982446
0.100364
0.102341
0.104111
0.105622
0.106829
0.107702
0.108221
0.108373
0.108159
0.107584
0.106662
0.105411
0.103854
0.102018
0.0999302
0.0976215
0.0951224
0.0924642
0.0896775
0.0867925
0.0838382
0.0808424
0.0778314
0.0748296
0.07186
0.0689437
0.0660997
0.0633456
0.0606972
0.0581684
0.0557717
0.0535182
0.0514175
0.0494778
0.0477063
0.0461091
0.0446913
0.043457
0.0424096
0.0415518
0.0408856
0.0404123
0.0401327
0.0400473
0.0401559
0.0404581
0.0409529
0.0416392
0.0425155
0.04358
0.0448309
0.0462659
0.0478829
0.0496792
0.0516528
0.0538015
0.0561231
0.0586161
0.0612794
0.0641127
0.0671167
0.0702936
0.0736473
0.0771843
0.0809138
0.0848488
0.089007
0.0934118
0.0980933
0.10309
0.10845
0.114233
0.120511
0.127369
0.134905
0.143227
0.152446
0.162667
0.17396
0.186337
0.199695
0.213759
0.228
0.241537
0.25306
0.25975
0.261128
0.0840925
0.0829061
0.082785
0.0832119
0.0839715
0.0850578
0.0864683
0.088181
0.0901554
0.0923349
0.0946504
0.0970258
0.0993831
0.101646
0.103746
0.10562
0.107217
0.108496
0.109428
0.109995
0.110186
0.110002
0.109451
0.108545
0.107305
0.105754
0.103918
0.101826
0.0995077
0.0969951
0.0943191
0.0915108
0.0886005
0.0856175
0.0825899
0.0795441
0.0765051
0.0734961
0.0705384
0.0676515
0.0648534
0.06216
0.0595857
0.0571433
0.0548441
0.052698
0.0507134
0.0488978
0.0472575
0.0457975
0.0445224
0.0434354
0.0425395
0.0418365
0.041328
0.0410148
0.0408973
0.0409754
0.0412487
0.0417163
0.0423771
0.0432296
0.0442722
0.0455031
0.0469203
0.0485218
0.0503057
0.0522697
0.0544124
0.0567325
0.0592293
0.0619026
0.0647535
0.0677844
0.0709996
0.0744055
0.0780114
0.0818305
0.0858803
0.0901841
0.0947721
0.0996828
0.104965
0.110679
0.1169
0.123719
0.131242
0.139596
0.148922
0.159369
0.171085
0.184193
0.19875
0.214701
0.231792
0.249485
0.266872
0.282653
0.293245
0.297749
0.0822793
0.0808735
0.0809865
0.0817603
0.0828603
0.0842792
0.086014
0.0880366
0.0903
0.0927419
0.0952897
0.0978661
0.100394
0.102798
0.105013
0.106981
0.108652
0.109989
0.110967
0.111568
0.111786
0.111621
0.111083
0.110186
0.10895
0.107398
0.105559
0.10346
0.101132
0.0986063
0.0959143
0.0930872
0.0901553
0.0871481
0.0840938
0.0810192
0.0779493
0.0749076
0.0719156
0.0689931
0.0661583
0.0634275
0.0608152
0.0583345
0.0559969
0.0538125
0.0517901
0.0499371
0.04826
0.0467641
0.045454
0.0443331
0.0434042
0.0426695
0.0421305
0.041788
0.0416425
0.0416939
0.0419417
0.0423853
0.0430234
0.0438548
0.0448779
0.0460909
0.0474922
0.04908
0.0508528
0.0528083
0.054946
0.0572651
0.0597657
0.062449
0.0653172
0.0683744
0.0716267
0.0750832
0.0787564
0.0826629
0.0868252
0.0912721
0.0960408
0.101178
0.106744
0.112812
0.119474
0.126838
0.13504
0.144234
0.1546
0.166337
0.179649
0.194729
0.21171
0.230618
0.251268
0.273171
0.295465
0.316789
0.333219
0.342796
0.0787609
0.0773657
0.0780927
0.0794929
0.0811212
0.0830113
0.0851752
0.0875854
0.0901932
0.0929346
0.0957378
0.0985272
0.101229
0.103773
0.106099
0.108151
0.109886
0.111272
0.112285
0.112911
0.113146
0.112993
0.112462
0.111568
0.110332
0.108779
0.106935
0.10483
0.102494
0.0999579
0.0972536
0.0944121
0.091464
0.0884387
0.0853644
0.082268
0.0791747
0.076108
0.0730897
0.0701398
0.0672765
0.0645163
0.0618741
0.059363
0.0569948
0.0547797
0.0527266
0.0508432
0.049136
0.0476106
0.0462715
0.0451222
0.0441658
0.0434043
0.0428394
0.0424718
0.0423022
0.0423305
0.0425563
0.0429789
0.043597
0.0444096
0.0454151
0.0466121
0.0479988
0.0495738
0.0513355
0.0532843
0.0554173
0.0577352
0.0602393
0.0629315
0.0658155
0.0688968
0.0721836
0.0756873
0.0794234
0.0834122
0.0876805
0.0922628
0.097203
0.102557
0.108394
0.114802
0.121886
0.129779
0.13864
0.148657
0.160052
0.17308
0.188018
0.205152
0.224732
0.246922
0.271678
0.298651
0.327048
0.355548
0.380019
0.398534
0.0719841
0.0715255
0.0737881
0.0763081
0.0787527
0.0813092
0.0840358
0.0869198
0.0899215
0.0929862
0.0960506
0.0990481
0.101913
0.104583
0.107003
0.109125
0.110912
0.112333
0.113371
0.114014
0.11426
0.114114
0.113586
0.112695
0.111459
0.109905
0.10806
0.105951
0.103611
0.101069
0.0983585
0.095509
0.0925514
0.0895151
0.0864283
0.0833178
0.0802089
0.0771252
0.0740886
0.0711191
0.0682351
0.0654533
0.0627887
0.0602545
0.0578626
0.0556235
0.0535462
0.0516385
0.0499071
0.0483575
0.0469944
0.0458216
0.0448419
0.0440577
0.0434705
0.0430813
0.0428906
0.0428984
0.0431045
0.0435082
0.0441083
0.0449036
0.0458926
0.047074
0.0484469
0.0500099
0.0517621
0.0537016
0.055829
0.0581447
0.0606506
0.0633495
0.0662462
0.0693478
0.0726642
0.0762089
0.0800001
0.0840615
0.088424
0.093127
0.0982207
0.103769
0.10985
0.116563
0.12403
0.132402
0.141861
0.152629
0.16497
0.179198
0.195673
0.2148
0.236996
0.26266
0.292029
0.32509
0.361242
0.399278
0.435132
0.470387
0.0584311
0.0623218
0.0680682
0.0725116
0.0762205
0.0796953
0.0831063
0.0865021
0.089884
0.0932289
0.0964985
0.0996447
0.102615
0.105359
0.107829
0.109984
0.111791
0.113225
0.114269
0.114916
0.115163
0.115018
0.114491
0.1136
0.112366
0.110813
0.108968
0.106861
0.104521
0.10198
0.0992677
0.096416
0.0934549
0.0904137
0.0873206
0.0842022
0.0810839
0.0779893
0.0749403
0.0719571
0.0690582
0.0662602
0.0635784
0.0610262
0.0586155
0.056357
0.0542598
0.0523318
0.0505799
0.0490096
0.0476258
0.0464323
0.0454321
0.0446276
0.0440203
0.0436114
0.0434013
0.0433902
0.0435777
0.0439635
0.0445467
0.0453261
0.0462992
0.0474652
0.048824
0.0503752
0.0521154
0.0540449
0.0561649
0.0584764
0.0609812
0.0636831
0.0665878
0.0697036
0.0730418
0.0766178
0.080452
0.0845707
0.0890081
0.0938078
0.099025
0.104729
0.111008
0.117968
0.125745
0.134505
0.144448
0.155825
0.168936
0.184148
0.201898
0.222722
0.247233
0.276177
0.310301
0.350382
0.396626
0.448857
0.504635
0.570684
0.0305602
0.0504347
0.06306
0.0705531
0.0759031
0.0802548
0.0841072
0.0877047
0.0911657
0.0945264
0.0977766
0.100884
0.103807
0.1065
0.108921
0.111031
0.112798
0.114197
0.115213
0.115837
0.116067
0.115908
0.115372
0.114475
0.113237
0.111682
0.109835
0.107727
0.105386
0.102842
0.100127
0.0972714
0.0943048
0.0912566
0.0881549
0.0850264
0.0818964
0.0787886
0.0757248
0.0727256
0.0698093
0.066993
0.0642918
0.0617194
0.0592879
0.0570079
0.0548889
0.0529388
0.0511646
0.049572
0.0481659
0.0469502
0.0459281
0.0451018
0.044473
0.044043
0.0438122
0.0437808
0.0439484
0.0443145
0.0448787
0.0456417
0.0465992
0.0477502
0.0490937
0.0506279
0.052354
0.0542719
0.0563819
0.0586852
0.0611842
0.0638832
0.0667885
0.0699091
0.0732574
0.0768499
0.0807082
0.0848605
0.0893431
0.0942021
0.099496
0.105298
0.1117
0.118817
0.126788
0.135791
0.146039
0.157797
0.171389
0.187218
0.205773
0.227685
0.253734
0.285015
0.322921
0.369645
0.427759
0.501403
0.593546
0.719119
-0.056565
0.0442899
0.0741067
0.0810331
0.0848527
0.0881594
0.0909271
0.0934345
0.0959545
0.09856
0.101211
0.103841
0.106382
0.108772
0.110953
0.112873
0.11449
0.115773
0.116698
0.117251
0.117426
0.117224
0.116655
0.11573
0.114469
0.112894
0.11103
0.108903
0.106544
0.103982
0.101247
0.0983693
0.0953795
0.0923065
0.0891783
0.0860217
0.0828621
0.0797234
0.0766276
0.0735953
0.0706452
0.0677945
0.0650585
0.0624511
0.0599846
0.0576697
0.0555159
0.0535315
0.0517234
0.0500975
0.0486588
0.0474112
0.0463579
0.0455013
0.0448432
0.0443847
0.0441265
0.0440688
0.0442111
0.0445527
0.0450917
0.0458256
0.0467597
0.0478912
0.0492155
0.0507315
0.0524399
0.054341
0.0564352
0.0587238
0.0612094
0.0638965
0.0667915
0.0699038
0.0732458
0.0768343
0.0806913
0.0848456
0.0893338
0.0942027
0.0995115
0.105334
0.111764
0.118916
0.126934
0.135994
0.146313
0.158161
0.171866
0.187841
0.206591
0.228786
0.255265
0.287308
0.326667
0.376857
0.443444
0.540394
0.684499
0.90507
)
;

boundaryField
{
    movingWall
    {
        type            zeroGradient;
    }
    fixedWalls
    {
        type            zeroGradient;
    }
    frontAndBack
    {
        type            empty;
    }
}


// ************************************************************************* //
