/*--------------------------------*- C++ -*----------------------------------*\
  =========                 |
  \\      /  F ield         | OpenFOAM: The Open Source CFD Toolbox
   \\    /   O peration     | Website:  https://openfoam.org
    \\  /    A nd           | Version:  9
     \\/     M anipulation  |
\*---------------------------------------------------------------------------*/
FoamFile
{
    format      ascii;
    class       labelList;
    note        "nPoints: 2672 nCells: 1260 nFaces: 5115 nInternalFaces: 2445";
    location    "constant/polyMesh";
    object      neighbour;
}
// * * * * * * * * * * * * * * * * * * * * * * * * * * * * * * * * * * * * * //


2445
(
1
30
2
31
3
32
4
33
5
34
6
35
7
36
8
37
9
38
10
39
11
40
12
41
13
42
14
43
15
44
16
45
17
46
18
47
19
48
20
49
21
50
22
51
23
52
24
53
25
54
26
55
27
56
28
57
29
58
59
31
60
32
61
33
62
34
63
35
64
36
65
37
66
38
67
39
68
40
69
41
70
42
71
43
72
44
73
45
74
46
75
47
76
48
77
49
78
50
79
51
80
52
81
53
82
54
83
55
84
56
85
57
86
58
87
59
88
89
61
90
62
91
63
92
64
93
65
94
66
95
67
96
68
97
69
98
70
99
71
100
72
101
73
102
74
103
75
104
76
105
77
106
78
107
79
108
80
109
81
110
82
111
83
112
84
113
85
114
86
115
87
116
88
117
89
118
119
91
120
92
121
93
122
94
123
95
124
96
125
97
126
98
127
99
128
100
129
101
130
102
131
103
132
104
133
105
134
106
135
107
136
108
137
109
138
110
139
111
140
112
141
113
142
114
143
115
144
116
145
117
146
118
147
119
148
149
121
150
122
151
123
152
124
153
125
154
126
155
127
156
128
157
129
158
130
159
131
160
132
161
133
162
134
163
135
164
136
165
137
166
138
167
139
168
140
169
141
170
142
171
143
172
144
173
145
174
146
175
147
176
148
177
149
178
179
151
180
152
181
153
182
154
183
155
184
156
185
157
186
158
187
159
188
160
189
161
190
162
191
163
192
164
193
165
194
166
195
167
196
168
197
169
198
170
199
171
200
172
201
173
202
174
203
175
204
176
205
177
206
178
207
179
208
209
181
210
182
211
183
212
184
213
185
214
186
215
187
216
188
217
189
218
190
219
191
220
192
221
193
222
194
223
195
224
196
225
197
226
198
227
199
228
200
229
201
230
202
231
203
232
204
233
205
234
206
235
207
236
208
237
209
238
239
211
240
212
241
213
242
214
243
215
244
216
245
217
246
218
247
219
248
220
249
221
250
222
251
223
252
224
253
225
254
226
255
227
256
228
257
229
258
230
259
231
260
232
261
233
262
234
263
235
264
236
265
237
266
238
267
239
268
269
241
270
242
271
243
272
244
273
245
274
246
275
247
276
248
277
249
278
250
279
251
280
252
281
253
282
254
283
255
284
256
285
257
286
258
287
259
288
260
289
261
290
262
291
263
292
264
293
265
294
266
295
267
296
268
297
269
298
299
271
300
272
301
273
302
274
303
275
304
276
305
277
306
278
307
279
308
280
309
281
310
282
311
283
312
284
313
285
314
286
315
287
316
288
317
289
318
290
319
291
320
292
321
293
322
294
323
295
324
296
325
297
326
298
327
299
328
329
301
330
302
331
303
332
304
333
305
334
306
335
307
336
308
337
309
338
310
339
311
340
312
341
313
342
314
343
315
344
316
345
317
346
318
347
319
348
320
349
321
350
322
351
323
352
324
353
325
354
326
355
327
356
328
357
329
358
359
331
360
332
361
333
362
334
363
335
364
336
365
337
366
338
367
339
368
340
369
341
370
342
371
343
372
344
373
345
374
346
375
347
376
348
377
349
378
350
379
351
380
352
381
353
382
354
383
355
384
356
385
357
386
358
387
359
388
389
361
390
362
391
363
392
364
393
365
394
366
395
367
396
368
397
369
398
370
399
371
400
372
401
373
402
374
403
375
404
376
405
377
406
378
407
379
408
380
409
381
410
382
411
383
412
384
413
385
414
386
415
387
416
388
417
389
418
419
391
420
392
421
393
422
394
423
395
424
396
425
397
426
398
427
399
428
400
429
401
430
402
431
403
432
404
433
405
434
406
435
407
436
408
437
409
438
410
439
411
440
412
441
413
442
414
443
415
444
416
445
417
446
418
447
419
448
449
421
422
423
424
450
425
451
426
452
427
453
428
454
429
455
430
456
431
457
432
458
433
459
434
460
435
461
436
462
437
463
438
464
439
465
440
466
441
467
442
468
443
469
444
470
445
471
446
472
447
473
448
474
449
475
476
451
477
452
478
453
479
454
480
455
481
456
482
457
483
458
484
459
485
460
486
461
487
462
488
463
489
464
490
465
491
466
492
467
493
468
494
469
495
470
496
471
497
472
498
473
499
474
500
475
501
476
502
503
478
504
479
505
480
506
481
507
482
508
483
509
484
510
485
511
486
512
487
513
488
514
489
515
490
516
491
517
492
518
493
519
494
520
495
521
496
522
497
523
498
524
499
525
500
526
501
527
502
528
503
529
530
505
531
506
532
507
533
508
534
509
535
510
536
511
537
512
538
513
539
514
540
515
541
516
542
517
543
518
544
519
545
520
546
521
547
522
548
523
549
524
550
525
551
526
552
527
553
528
554
529
555
530
556
557
532
558
533
559
534
560
535
561
536
562
537
563
538
564
539
565
540
566
541
567
542
568
543
569
544
570
545
571
546
572
547
573
548
574
549
575
550
576
551
577
552
578
553
579
554
580
555
581
556
582
557
583
584
559
585
560
586
561
587
562
588
563
589
564
590
565
591
566
592
567
593
568
594
569
595
570
596
571
597
572
598
573
599
574
600
575
601
576
602
577
603
578
604
579
605
580
606
581
607
582
608
583
609
584
610
611
586
612
587
613
588
614
589
615
590
616
591
617
592
618
593
619
594
620
595
621
596
622
597
623
598
624
599
625
600
626
601
627
602
628
603
629
604
630
605
631
606
632
607
633
608
634
609
635
610
636
611
637
638
613
639
614
640
615
641
616
642
617
643
618
644
619
645
620
646
621
647
622
648
623
649
624
650
625
651
626
652
627
653
628
654
629
655
630
656
631
657
632
658
633
659
634
660
635
661
636
662
637
663
638
664
665
640
666
641
667
642
668
643
669
644
670
645
671
646
672
647
673
648
674
649
675
650
676
651
677
652
678
653
679
654
680
655
681
656
682
657
683
658
684
659
685
660
686
661
687
662
688
663
689
664
690
665
691
692
667
693
668
694
669
695
670
696
671
697
672
698
673
699
674
700
675
701
676
702
677
703
678
704
679
705
680
706
681
707
682
708
683
709
684
710
685
711
686
712
687
713
688
714
689
715
690
716
691
717
692
718
719
694
720
695
721
696
722
697
723
698
724
699
725
700
726
701
727
702
728
703
729
704
730
705
731
706
732
707
733
708
734
709
735
710
736
711
737
712
738
713
739
714
740
715
741
716
742
717
743
718
744
719
745
746
721
747
722
748
723
749
724
750
725
751
726
752
727
753
728
754
729
755
730
756
731
757
732
758
733
759
734
760
735
761
736
762
737
763
738
764
739
765
740
766
741
767
742
768
743
769
744
770
745
771
746
772
773
748
774
749
775
750
776
751
777
752
778
753
779
754
780
755
781
756
782
757
783
758
784
759
785
760
786
761
787
762
788
763
789
764
790
765
791
766
792
767
793
768
794
769
795
770
796
771
797
772
798
773
799
800
775
801
776
802
777
803
778
804
779
805
780
806
781
807
782
808
783
809
784
810
785
811
786
812
787
813
788
814
789
815
790
816
791
817
792
818
793
819
794
820
795
821
796
822
797
823
798
824
799
825
800
826
827
802
828
803
829
804
830
805
831
806
832
807
833
808
834
809
835
810
836
811
837
812
838
813
839
814
840
815
841
816
842
817
843
818
844
819
845
820
846
821
847
822
848
823
849
824
850
825
851
826
852
827
853
854
829
855
830
856
831
857
832
858
833
859
834
860
835
861
836
862
837
863
838
864
839
865
840
866
841
867
842
868
843
869
844
870
845
871
846
872
847
873
848
874
849
875
850
876
851
877
852
878
853
879
854
880
881
856
882
857
883
858
884
859
885
860
886
861
887
862
888
863
889
864
890
865
891
866
892
867
893
868
894
869
895
870
896
871
897
872
898
873
899
874
900
875
901
876
902
877
903
878
904
879
905
880
906
881
907
908
883
909
884
910
885
911
886
912
887
913
888
914
889
915
890
916
891
917
892
918
893
919
894
920
895
921
896
922
897
923
898
924
899
925
900
926
901
927
902
928
903
929
904
930
905
931
906
932
907
933
908
934
935
910
936
911
937
912
938
913
939
914
940
915
941
916
942
917
943
918
944
919
945
920
946
921
947
922
948
923
949
924
950
925
951
926
952
927
953
928
954
929
955
930
956
931
957
932
958
933
959
934
960
935
961
962
937
963
938
964
939
965
940
966
941
967
942
968
943
969
944
970
945
971
946
972
947
973
948
974
949
975
950
976
951
977
952
978
953
979
954
980
955
981
956
982
957
983
958
984
959
985
960
986
961
987
962
988
989
964
990
965
991
966
992
967
993
968
994
969
995
970
996
971
997
972
998
973
999
974
1000
975
1001
976
1002
977
1003
978
1004
979
1005
980
1006
981
1007
982
1008
983
1009
984
1010
985
1011
986
1012
987
1013
988
1014
989
1015
1016
991
1017
992
1018
993
1019
994
1020
995
1021
996
1022
997
1023
998
1024
999
1025
1000
1026
1001
1027
1002
1028
1003
1029
1004
1030
1005
1031
1006
1032
1007
1033
1008
1034
1009
1035
1010
1036
1011
1037
1012
1038
1013
1039
1014
1040
1015
1041
1016
1042
1043
1018
1044
1019
1045
1020
1046
1021
1047
1022
1048
1023
1049
1024
1050
1025
1051
1026
1052
1027
1053
1028
1054
1029
1055
1030
1056
1031
1057
1032
1058
1033
1059
1034
1060
1035
1061
1036
1062
1037
1063
1038
1064
1039
1065
1040
1066
1041
1067
1042
1068
1043
1069
1070
1045
1071
1046
1072
1047
1073
1048
1074
1049
1075
1050
1076
1051
1077
1052
1078
1053
1079
1054
1080
1055
1081
1056
1082
1057
1083
1058
1084
1059
1085
1060
1086
1061
1087
1062
1088
1063
1089
1064
1090
1065
1091
1066
1092
1067
1093
1068
1094
1069
1095
1070
1096
1097
1072
1098
1073
1099
1074
1100
1075
1101
1076
1102
1077
1103
1078
1104
1079
1105
1080
1106
1081
1107
1082
1108
1083
1109
1084
1110
1085
1111
1086
1112
1087
1113
1088
1114
1089
1115
1090
1116
1091
1117
1092
1118
1093
1119
1094
1120
1095
1121
1096
1122
1097
1123
1124
1099
1125
1100
1126
1101
1127
1102
1128
1103
1129
1104
1130
1105
1131
1106
1132
1107
1133
1108
1134
1109
1135
1110
1136
1111
1137
1112
1138
1113
1139
1114
1140
1115
1141
1116
1142
1117
1143
1118
1144
1119
1145
1120
1146
1121
1147
1122
1148
1123
1149
1124
1150
1151
1126
1152
1127
1153
1128
1154
1129
1155
1130
1156
1131
1157
1132
1158
1133
1159
1134
1160
1135
1161
1136
1162
1137
1163
1138
1164
1139
1165
1140
1166
1141
1167
1142
1168
1143
1169
1144
1170
1145
1171
1146
1172
1147
1173
1148
1174
1149
1175
1150
1176
1151
1177
1178
1153
1179
1154
1180
1155
1181
1156
1182
1157
1183
1158
1184
1159
1185
1160
1186
1161
1187
1162
1188
1163
1189
1164
1190
1165
1191
1166
1192
1167
1193
1168
1194
1169
1195
1170
1196
1171
1197
1172
1198
1173
1199
1174
1200
1175
1201
1176
1202
1177
1203
1178
1204
1205
1180
1206
1181
1207
1182
1208
1183
1209
1184
1210
1185
1211
1186
1212
1187
1213
1188
1214
1189
1215
1190
1216
1191
1217
1192
1218
1193
1219
1194
1220
1195
1221
1196
1222
1197
1223
1198
1224
1199
1225
1200
1226
1201
1227
1202
1228
1203
1229
1204
1230
1205
1231
1232
1207
1233
1208
1234
1209
1235
1210
1236
1211
1237
1212
1238
1213
1239
1214
1240
1215
1241
1216
1242
1217
1243
1218
1244
1219
1245
1220
1246
1221
1247
1222
1248
1223
1249
1224
1250
1225
1251
1226
1252
1227
1253
1228
1254
1229
1255
1230
1256
1231
1257
1232
1258
1259
1234
1235
1236
1237
1238
1239
1240
1241
1242
1243
1244
1245
1246
1247
1248
1249
1250
1251
1252
1253
1254
1255
1256
1257
1258
1259
)


// ************************************************************************* //
